50
10
0 0
12 132
22 238
37 387
43 456
47 496
52 550
64 666
77 802
89 930
10
14 191
16 221
17 226
47 625
60 803
63 841
72 957
80 1063
93 1243
100 1327
10
5 60
5 64
18 206
21 243
29 331
39 441
43 484
65 726
77 859
100 1108
10
6 120
8 147
12 214
14 264
52 928
57 1020
58 1046
63 1136
89 1602
100 1783
10
18 307
18 317
26 444
37 630
37 630
66 1118
67 1134
75 1272
92 1565
95 1608
10
1 7
13 48
19 69
25 92
32 118
36 131
49 177
75 272
87 314
100 358
10
5 92
7 108
37 574
47 723
63 971
72 1106
80 1242
84 1291
86 1321
100 1535
10
21 27
23 29
34 44
38 48
50 64
53 68
76 96
76 97
92 116
100 126
10
3 22
10 64
23 148
25 160
26 170
45 287
59 379
59 380
64 411
87 557
10
17 88
38 200
52 269
52 270
56 288
56 289
72 370
98 507
99 509
100 513
10
15 152
19 194
40 409
57 580
58 591
59 604
69 695
92 927
97 980
100 1007
10
9 31
47 160
48 165
55 188
73 249
74 251
84 285
93 317
95 323
100 339
10
11 178
15 227
21 326
31 467
38 569
56 836
60 895
60 896
75 1125
93 1384
10
8 54
30 200
40 270
70 471
79 528
83 557
87 584
89 595
89 599
100 666
10
0 0
2 7
4 13
9 27
34 98
60 172
65 184
67 192
80 228
100 283
10
5 67
8 101
22 276
34 419
34 427
50 623
64 795
69 853
72 893
100 1224
10
3 44
20 239
22 265
31 362
40 468
62 725
88 1031
90 1054
91 1060
100 1159
10
0 5
2 25
10 126
14 180
25 304
28 341
31 377
84 1021
93 1132
100 1208
10
0 0
3 2
25 14
38 21
38 21
49 27
54 30
56 31
67 37
69 38
10
0 8
10 168
22 362
30 495
64 1040
66 1081
74 1207
79 1294
84 1361
100 1619
10
12 146
42 500
50 592
61 715
70 822
72 848
73 860
87 1015
88 1032
100 1163
10
21 361
23 400
31 539
56 963
72 1237
79 1360
80 1383
94 1618
95 1633
100 1711
10
14 20
24 34
26 37
47 66
57 80
81 112
86 120
89 123
92 128
98 136
10
5 13
10 25
24 60
48 120
55 137
61 154
73 182
81 203
84 210
100 249
10
7 104
18 266
24 353
26 382
42 618
47 687
49 713
52 759
58 853
63 912
100
1 20
1 22
3 72
3 74
3 76
4 78
7 146
7 152
8 165
9 175
9 176
9 187
10 196
10 196
11 218
11 228
12 230
12 242
12 243
13 266
14 280
17 341
20 382
20 382
20 384
23 448
27 524
27 527
30 574
30 577
30 581
30 585
32 626
34 655
34 656
34 658
34 660
34 664
35 679
36 699
42 816
43 839
46 878
46 885
50 966
51 982
51 982
52 993
52 1007
56 1071
57 1101
57 1104
58 1121
61 1168
62 1187
62 1198
63 1212
65 1256
66 1266
66 1270
67 1291
71 1368
72 1381
72 1387
75 1433
75 1438
76 1457
77 1471
79 1519
80 1530
80 1541
80 1541
82 1569
82 1580
84 1609
85 1628
86 1654
87 1663
87 1664
87 1669
87 1676
87 1678
90 1718
91 1747
92 1757
92 1760
92 1764
92 1771
92 1771
93 1778
93 1784
95 1820
96 1832
96 1836
96 1845
97 1867
97 1869
99 1900
99 1904
100 1908
100
0 1
0 4
1 16
2 17
3 30
4 36
5 45
6 56
6 58
7 64
7 66
9 77
9 83
12 105
15 128
15 128
15 135
16 139
16 143
18 160
20 172
20 176
23 195
23 195
23 200
24 207
24 210
25 216
25 216
25 217
25 218
26 226
27 228
27 233
28 237
28 241
30 259
32 271
32 271
35 300
37 316
37 320
40 342
40 345
43 371
44 378
45 381
47 404
47 405
48 413
54 456
55 471
57 484
58 491
59 504
59 504
60 508
60 514
61 516
61 523
64 542
65 549
65 556
66 563
67 566
67 566
67 567
69 588
72 613
73 621
75 635
75 637
76 643
76 644
76 649
78 664
80 677
80 681
81 685
81 688
81 690
83 704
83 705
84 715
86 730
87 735
87 741
90 761
90 764
91 769
92 780
92 783
93 790
94 797
94 800
95 802
95 810
96 813
99 839
100 844
100
0 2
0 2
0 2
1 5
4 13
6 21
6 21
8 26
9 31
12 39
14 46
14 47
14 48
14 48
14 48
15 51
16 52
16 54
17 57
17 57
18 60
26 84
26 87
26 87
27 90
29 96
30 97
30 98
32 104
32 105
32 105
32 106
33 108
33 108
35 114
36 117
37 120
38 124
39 128
40 130
40 130
40 132
41 135
43 139
43 141
44 144
44 145
47 153
47 155
50 163
50 164
51 166
51 166
51 167
53 173
53 173
54 175
55 180
56 184
62 201
62 202
63 206
65 210
65 211
66 214
68 220
69 223
70 228
70 229
71 231
71 231
71 232
71 232
73 238
76 247
76 248
77 249
77 251
77 251
78 252
78 252
80 261
81 262
81 263
82 266
86 281
88 285
88 287
88 287
89 288
92 298
93 301
93 302
94 305
96 311
97 314
98 317
99 321
99 321
100 323
100
1 23
2 44
4 73
4 75
6 104
7 119
8 135
8 142
10 162
11 192
15 241
15 255
16 270
17 280
18 295
19 313
20 335
21 346
22 362
23 374
23 378
23 384
25 403
25 415
27 443
28 458
28 460
29 477
31 500
31 504
33 538
35 562
36 582
36 582
36 583
36 585
37 599
37 600
37 609
38 611
40 644
40 650
42 684
43 693
44 716
45 727
45 733
46 744
47 761
47 762
48 778
48 785
49 798
49 800
50 810
51 827
51 831
53 855
53 860
53 863
54 880
55 893
55 898
56 903
56 910
57 922
59 958
60 969
60 970
60 970
64 1035
64 1039
66 1065
69 1108
71 1147
71 1152
75 1204
75 1209
76 1229
77 1243
79 1274
80 1294
83 1343
84 1352
85 1365
85 1376
86 1387
87 1406
87 1407
88 1413
88 1421
92 1489
93 1498
95 1535
95 1539
96 1541
96 1545
97 1561
98 1579
99 1594
100
0 0
0 1
1 4
1 4
2 6
2 6
2 6
3 7
3 7
3 8
4 11
4 11
5 12
5 13
5 13
6 14
6 15
7 16
7 16
7 17
7 17
8 20
9 22
10 25
11 27
12 29
13 30
14 33
14 34
14 34
16 37
17 40
17 41
18 43
19 44
20 46
20 47
21 49
23 54
25 57
27 62
27 63
28 65
29 67
30 69
30 69
32 73
32 75
33 77
34 78
34 79
34 79
35 80
35 82
37 86
38 87
39 89
39 90
39 91
41 94
43 100
47 109
49 113
53 122
53 122
54 125
55 127
58 133
60 137
60 137
61 140
62 142
63 144
65 150
67 154
67 154
67 154
68 157
69 158
70 161
71 164
71 164
72 166
72 166
76 175
76 175
78 180
81 185
82 188
83 191
86 198
88 202
89 203
90 206
94 215
94 215
94 216
96 220
99 227
100 228
100
0 1
1 15
1 16
3 32
3 34
5 53
7 67
7 67
8 77
8 77
9 87
9 90
9 90
10 93
10 96
13 128
14 137
16 149
16 153
16 154
18 173
19 176
19 178
19 183
20 186
21 198
21 200
23 218
26 248
27 253
27 256
27 256
28 260
28 263
28 267
29 273
30 284
31 289
32 304
35 325
35 326
37 344
38 357
38 359
39 365
40 374
40 375
41 380
42 397
43 405
44 409
44 412
45 424
45 425
45 425
46 432
49 454
50 469
51 473
51 474
52 482
52 485
53 491
55 515
56 519
56 519
56 527
57 531
60 557
60 557
61 569
65 602
65 605
67 621
68 636
69 646
70 652
70 653
73 676
75 694
77 715
77 716
77 716
81 754
82 759
82 762
84 785
87 809
88 814
89 828
89 830
91 843
92 851
93 865
95 887
96 895
97 906
98 910
98 912
100 925
100
0 3
1 6
1 8
1 9
1 10
2 13
2 14
2 15
3 18
5 29
6 35
6 38
7 43
7 46
8 49
8 52
9 54
9 55
9 56
11 64
12 73
13 78
16 93
16 94
16 97
17 99
17 101
17 102
20 117
21 124
21 125
22 132
22 132
23 137
24 139
24 142
24 142
28 165
30 176
36 213
41 238
41 241
44 255
44 257
44 258
45 265
45 265
47 276
50 293
51 300
52 305
53 308
54 316
55 320
55 320
55 320
55 324
56 329
57 333
57 335
58 336
59 345
59 347
60 349
61 355
62 362
62 363
63 366
63 368
64 371
64 371
64 374
68 396
69 403
69 404
72 419
73 427
76 444
78 454
80 467
81 472
83 484
83 485
83 485
84 489
84 491
85 494
85 495
86 498
86 503
89 519
91 529
92 533
92 537
93 541
95 553
97 562
97 567
98 572
100 579
100
0 1
0 1
1 3
3 6
4 7
4 7
4 7
5 9
6 11
7 13
8 14
9 15
10 17
12 20
16 27
16 28
17 29
18 30
18 30
18 31
18 31
20 34
20 34
22 37
22 37
22 38
22 38
23 39
24 40
25 42
25 42
25 43
27 46
28 47
28 47
30 50
30 51
31 53
33 56
34 58
34 58
36 60
36 60
36 61
39 65
39 65
39 65
39 65
39 66
41 69
42 70
42 71
44 74
44 74
46 77
46 77
46 77
48 81
48 81
49 82
50 83
51 86
51 86
52 87
54 90
55 92
59 99
60 101
61 102
62 104
63 105
66 110
66 111
66 111
68 113
71 118
71 118
72 120
73 122
73 122
78 130
78 131
79 132
80 133
80 133
82 137
82 137
84 141
86 143
87 145
88 147
90 150
91 152
92 154
92 154
93 156
95 159
96 160
96 161
100 166
100
1 21
2 39
2 49
3 50
3 60
5 88
6 112
7 131
8 148
9 153
10 170
11 189
11 191
11 195
12 204
12 216
13 222
13 226
13 229
14 247
14 248
16 280
19 317
19 323
20 343
21 360
23 391
24 399
25 426
25 427
26 439
26 447
27 458
28 476
29 484
29 498
30 514
31 522
32 543
33 553
33 555
34 581
35 583
35 585
36 607
38 636
38 641
40 667
40 671
40 672
40 673
42 700
42 706
42 708
42 710
46 775
46 777
48 812
50 832
50 847
50 847
52 872
54 905
57 962
58 966
61 1027
62 1037
62 1047
65 1084
65 1087
67 1127
68 1137
69 1158
69 1159
70 1164
70 1171
72 1202
72 1203
72 1212
74 1237
77 1295
78 1308
79 1328
81 1356
82 1368
83 1388
84 1403
86 1436
86 1439
87 1448
87 1450
87 1462
89 1480
90 1497
90 1499
90 1511
92 1536
93 1556
93 1562
94 1577
100
1 33
3 61
3 73
4 79
4 95
6 131
7 138
7 140
8 170
9 182
11 215
11 231
12 243
12 243
13 253
13 253
14 282
14 290
15 299
15 300
16 322
16 325
19 383
20 390
20 393
21 418
23 447
24 465
24 472
24 479
26 506
27 530
27 537
28 546
31 610
33 654
36 701
37 730
39 774
44 860
46 900
47 911
47 912
48 939
49 950
49 956
49 968
50 984
52 1016
52 1026
53 1035
55 1080
56 1100
56 1100
58 1134
58 1136
58 1138
60 1165
60 1166
61 1182
62 1204
63 1230
64 1255
66 1288
66 1290
67 1313
68 1325
69 1340
70 1371
72 1407
72 1413
73 1422
76 1473
76 1479
76 1483
76 1484
77 1496
80 1554
80 1560
82 1600
84 1638
85 1659
87 1686
87 1700
88 1705
88 1715
88 1717
89 1726
89 1743
90 1744
90 1751
90 1760
91 1773
92 1800
93 1809
94 1835
95 1857
96 1867
97 1892
98 1914
100
2 30
4 50
5 63
6 76
8 104
9 119
11 136
12 147
16 196
18 224
18 225
19 232
20 246
20 249
20 251
21 262
22 274
24 294
25 303
25 307
26 321
28 344
28 349
31 385
33 406
36 445
37 454
38 462
38 465
38 467
39 473
40 485
41 498
43 528
45 549
45 550
46 557
46 558
47 576
48 592
50 611
51 618
52 637
53 650
53 652
54 659
55 674
56 684
57 698
58 707
59 715
59 722
60 736
62 755
62 760
63 763
64 774
65 790
67 820
68 823
71 864
71 864
72 875
72 882
73 888
74 897
75 913
76 920
76 923
77 931
77 935
77 936
77 936
78 951
79 963
80 973
81 986
81 988
82 995
82 997
84 1020
86 1048
88 1064
90 1091
90 1093
90 1095
91 1105
91 1110
92 1113
93 1136
94 1137
95 1153
95 1153
97 1175
97 1177
97 1178
97 1180
98 1192
98 1195
100 1209
100
0 1
0 4
1 7
2 15
4 25
6 34
6 35
10 55
10 58
11 59
12 65
13 70
13 70
14 75
15 81
15 84
16 89
17 95
17 95
18 97
21 113
21 113
22 120
23 127
24 130
25 134
28 153
31 165
32 171
33 177
33 180
33 180
36 196
37 200
38 204
38 204
38 206
41 220
41 220
45 242
47 254
47 255
50 268
53 282
53 282
53 284
54 290
54 292
55 293
56 302
56 303
57 306
58 310
59 314
59 319
60 320
62 330
63 340
63 340
64 345
66 352
66 354
66 356
68 363
69 369
71 378
71 382
72 384
73 391
74 394
76 408
78 415
80 427
81 434
82 440
83 444
84 447
84 449
84 452
84 452
85 457
86 458
87 464
89 478
90 481
90 481
90 483
91 486
92 494
92 494
93 496
93 496
93 500
94 505
95 509
95 509
96 511
97 519
99 529
100 532
100
1 33
2 52
3 72
4 83
5 96
5 97
5 100
5 110
6 132
6 133
9 176
9 189
10 197
10 198
10 205
10 208
12 239
13 249
18 349
18 359
21 408
22 433
24 458
24 464
24 471
25 484
26 505
28 535
28 537
28 541
30 578
30 582
33 640
34 660
35 680
36 687
36 692
36 694
36 695
39 746
39 754
42 801
46 880
46 881
46 883
46 885
46 889
47 901
47 904
48 918
50 962
52 991
52 1001
54 1043
55 1065
55 1065
57 1085
57 1085
57 1085
57 1086
59 1125
60 1146
60 1154
61 1168
61 1179
66 1273
68 1307
69 1314
69 1321
70 1339
70 1346
71 1362
73 1395
73 1405
74 1410
75 1440
77 1478
79 1506
80 1534
80 1538
80 1539
82 1564
84 1607
84 1615
86 1638
86 1641
86 1648
90 1721
91 1739
91 1740
91 1743
92 1757
92 1761
93 1776
93 1783
95 1822
96 1835
96 1837
99 1889
99 1899
100
0 5
0 5
1 9
2 18
3 27
5 45
5 48
6 53
9 76
9 77
10 85
11 91
11 94
13 108
14 118
16 137
18 149
18 154
18 154
20 163
20 170
21 178
23 187
24 196
24 200
24 203
25 208
27 224
29 238
30 249
34 278
34 279
34 280
36 294
36 298
36 299
37 301
37 303
37 307
39 318
39 323
40 326
40 327
42 348
43 354
45 366
45 371
46 376
48 393
49 404
50 412
51 416
51 422
51 422
52 423
52 425
52 425
53 436
57 467
58 472
61 499
61 499
62 508
65 534
66 540
67 545
67 545
67 547
67 548
67 549
67 552
68 553
68 554
69 563
69 564
69 564
69 565
72 593
75 614
76 622
78 642
78 642
80 657
80 657
82 670
83 681
84 683
86 705
86 706
87 712
89 730
90 734
91 743
92 748
92 755
92 756
93 764
95 778
96 785
100 813
100
1 12
4 54
4 55
5 60
6 69
8 97
8 97
8 100
9 103
9 105
10 118
11 126
11 126
11 129
13 156
15 176
15 177
16 181
19 213
20 225
20 234
20 234
21 235
21 240
21 240
23 258
30 336
30 341
30 341
30 343
30 344
33 376
34 388
35 392
35 396
35 400
36 403
39 446
39 447
40 449
40 450
40 455
41 460
41 463
41 463
42 470
43 484
44 496
44 503
45 505
45 508
45 514
46 515
46 521
49 551
50 563
50 564
51 576
51 577
51 580
52 585
52 585
54 610
54 610
55 625
57 644
60 676
61 689
64 719
65 735
66 747
68 762
68 764
68 771
69 779
69 783
72 811
72 813
73 822
74 830
76 856
76 858
76 859
80 896
80 901
80 902
81 912
82 925
84 947
87 982
87 982
88 988
90 1012
91 1024
92 1040
94 1057
94 1063
97 1092
99 1109
100 1119
100
1 20
3 40
3 45
5 75
6 84
7 93
7 98
7 100
8 116
11 147
12 169
14 185
14 197
14 198
16 220
17 225
17 226
19 253
19 264
20 265
20 272
20 274
21 284
21 286
22 292
24 324
24 328
24 328
25 339
26 345
29 386
29 391
30 402
30 405
32 423
32 435
33 445
34 450
35 464
35 473
37 489
38 503
39 524
40 539
42 560
42 562
43 574
44 586
45 597
46 616
48 635
48 636
50 669
53 702
55 732
55 737
56 748
57 763
58 770
58 774
59 787
60 796
60 803
61 816
63 842
65 867
66 872
67 894
67 895
67 896
69 917
69 924
70 929
71 942
74 979
74 986
78 1041
79 1049
79 1053
81 1083
82 1091
82 1095
84 1122
85 1127
87 1153
87 1157
88 1168
88 1175
89 1176
89 1181
91 1212
94 1244
94 1248
95 1259
95 1266
96 1273
97 1286
97 1293
98 1306
100 1321
100
0 12
1 17
1 25
2 42
4 64
4 65
4 74
4 75
5 79
6 95
6 96
8 125
8 126
8 127
8 130
8 130
10 157
11 177
13 207
13 214
14 220
16 249
16 249
16 255
18 277
18 278
22 341
22 352
27 418
27 425
29 448
34 537
36 564
37 580
39 613
41 631
41 638
41 643
43 664
47 722
47 724
48 744
48 751
50 781
51 796
52 808
53 820
53 826
53 828
54 831
54 832
54 834
55 845
55 853
56 871
56 875
57 876
57 877
57 887
57 889
58 891
58 903
62 954
63 971
68 1050
70 1079
71 1093
71 1100
72 1120
73 1126
74 1138
74 1141
76 1172
77 1192
78 1199
78 1203
80 1235
80 1241
81 1253
81 1254
83 1277
84 1294
84 1297
88 1361
88 1362
90 1388
90 1391
91 1400
94 1445
94 1451
95 1465
96 1476
96 1481
96 1482
97 1496
97 1502
98 1509
98 1515
99 1525
100 1536
100
0 0
0 3
1 11
1 19
3 34
3 37
4 45
6 63
6 68
7 77
8 81
9 95
11 115
12 120
13 134
14 143
14 144
16 158
16 160
17 175
18 179
19 188
19 195
20 199
20 202
20 202
20 206
22 219
25 254
26 264
26 265
27 268
28 277
28 278
28 280
29 294
30 301
30 302
33 330
34 342
36 364
37 365
38 382
38 382
40 395
41 404
41 411
41 412
41 412
44 436
44 440
45 445
45 449
47 465
47 468
47 472
48 473
48 476
48 478
49 487
50 494
51 504
53 523
58 572
58 575
58 578
59 584
59 587
59 590
60 595
60 599
61 610
62 615
63 629
65 641
71 707
72 716
72 719
73 725
77 761
78 776
80 796
82 809
86 851
86 851
87 859
88 871
88 875
89 880
89 886
91 897
91 906
92 915
92 916
94 931
94 934
95 945
98 970
98 970
99 976
100
0 0
0 2
2 20
3 23
3 29
5 44
6 47
9 69
10 75
10 79
10 79
10 81
11 84
12 89
13 99
15 116
16 123
18 138
19 141
19 143
19 144
20 150
21 160
21 161
23 171
23 171
24 179
24 181
25 187
26 196
27 201
27 203
28 210
29 220
31 230
32 239
34 251
34 253
37 276
37 277
37 278
39 295
40 300
41 304
41 305
42 317
43 318
43 323
44 329
44 332
46 344
48 355
48 358
48 358
49 363
49 365
51 378
51 381
51 382
51 382
53 398
54 400
54 402
56 420
57 423
57 423
61 455
63 467
66 489
68 508
69 514
71 526
72 532
72 534
73 539
74 549
78 580
80 596
81 605
83 614
83 616
84 620
85 631
86 640
86 641
87 648
88 655
88 656
89 657
89 658
92 682
92 683
93 687
95 706
96 714
97 719
97 720
99 732
99 736
100 738
100
1 22
4 80
4 87
5 97
5 103
7 148
8 167
9 184
10 189
10 191
11 222
14 283
17 326
19 362
19 363
19 373
20 384
23 442
24 456
25 485
25 485
26 493
26 497
26 507
28 532
29 566
30 571
31 596
31 602
32 620
34 652
36 686
37 703
38 723
38 726
39 739
40 765
42 809
43 815
43 825
44 835
45 852
45 866
45 867
46 883
46 884
46 887
48 908
48 916
49 932
49 940
51 963
51 969
51 977
51 979
53 1006
53 1017
54 1037
55 1057
58 1098
58 1105
58 1108
59 1132
61 1153
63 1208
65 1228
65 1237
68 1296
69 1310
69 1320
70 1327
70 1328
71 1353
75 1432
77 1454
77 1467
77 1469
77 1470
78 1485
79 1497
79 1508
80 1511
81 1532
82 1562
83 1568
84 1604
85 1605
86 1627
89 1693
90 1701
90 1709
91 1732
91 1735
92 1744
93 1760
93 1763
93 1774
94 1775
97 1848
99 1871
100
0 13
1 23
2 43
2 47
2 47
4 78
5 92
5 97
7 126
8 148
8 148
9 160
12 214
13 233
15 274
15 275
16 296
18 318
18 318
19 342
19 342
21 369
21 379
21 384
22 399
22 402
23 410
24 421
25 455
26 456
27 486
29 521
31 553
31 556
34 605
37 665
40 716
41 721
42 739
42 740
42 743
42 746
42 747
44 779
47 840
51 910
52 920
52 925
53 931
54 948
54 960
55 968
55 968
56 995
58 1019
59 1041
60 1052
60 1054
60 1068
62 1099
62 1101
63 1115
64 1127
64 1129
64 1138
65 1155
66 1161
67 1180
67 1181
67 1187
67 1187
67 1187
68 1195
68 1199
70 1230
71 1257
73 1289
73 1295
74 1299
74 1301
75 1320
75 1324
77 1362
79 1387
80 1407
80 1415
81 1421
84 1483
84 1487
87 1528
88 1544
89 1575
90 1578
92 1619
94 1651
96 1683
96 1687
96 1689
98 1729
99 1737
100
2 18
3 24
4 32
4 34
4 37
6 51
6 54
8 64
9 72
10 82
11 86
11 87
11 92
13 104
14 110
14 114
16 126
16 128
16 129
17 133
20 163
21 165
21 167
21 168
24 189
24 193
25 201
29 232
29 232
30 234
31 245
31 246
31 248
31 248
35 276
37 288
37 290
38 299
38 301
38 303
39 309
40 312
41 322
41 324
42 327
45 351
46 360
46 362
49 385
51 398
51 399
52 412
53 413
54 422
54 426
54 427
55 434
56 439
56 440
57 445
57 446
57 446
58 455
61 475
62 483
62 490
64 498
66 518
67 523
68 536
69 537
70 549
70 551
72 562
76 594
78 608
79 621
80 624
80 624
82 643
83 647
83 650
83 650
84 657
86 670
86 674
87 678
87 681
87 683
89 694
89 700
90 702
93 728
96 753
96 754
96 754
97 756
97 758
100 778
100 778
100
0 10
0 14
0 14
1 37
6 128
6 137
7 141
7 143
7 144
7 148
7 158
8 164
8 165
8 167
8 177
8 177
10 211
10 213
11 229
12 253
12 254
14 280
15 307
16 322
16 331
18 362
19 388
19 392
20 412
21 432
23 468
26 538
27 552
27 558
28 569
29 597
30 616
31 627
31 631
34 682
34 688
34 697
35 716
35 716
38 770
38 774
39 792
39 795
42 841
42 846
42 856
43 860
43 866
44 880
45 916
47 950
47 957
49 987
49 993
50 998
53 1072
54 1088
54 1090
55 1102
57 1141
57 1141
57 1145
58 1160
59 1186
60 1206
61 1224
62 1253
63 1262
66 1318
66 1322
66 1329
68 1361
68 1371
70 1405
71 1420
73 1469
78 1559
81 1620
82 1646
85 1704
86 1730
88 1761
89 1787
91 1829
94 1894
95 1897
95 1898
95 1899
95 1913
96 1917
96 1931
97 1943
97 1943
97 1945
97 1946
100
0 0
2 10
2 10
3 15
3 19
5 28
7 37
7 39
8 41
9 48
15 77
15 79
17 87
20 103
21 107
21 108
22 113
26 134
27 135
28 140
28 141
28 142
29 146
29 146
33 167
34 174
36 181
38 194
40 201
45 227
46 231
48 242
49 245
50 251
50 252
50 254
51 256
53 266
54 273
56 280
56 282
56 283
56 283
57 287
57 287
58 290
58 292
58 293
58 294
59 296
59 296
60 302
63 316
63 318
64 321
64 323
65 325
65 325
66 331
66 333
66 334
68 340
69 345
69 348
70 353
71 356
71 356
71 357
72 363
75 375
75 376
75 378
77 385
77 389
79 398
80 400
80 400
82 410
82 414
85 428
86 431
87 437
89 449
90 450
90 453
90 454
91 455
92 463
94 472
94 472
94 473
95 477
95 477
95 478
96 482
96 484
97 487
97 489
99 495
99 497
100
2 30
4 54
4 61
5 73
5 74
6 87
6 88
8 104
9 118
9 126
11 141
12 160
14 186
14 187
15 196
17 217
18 230
19 245
19 247
20 259
21 274
21 276
22 286
22 290
23 291
23 297
23 302
23 303
27 342
27 346
28 358
29 372
31 395
33 422
33 425
34 434
36 456
36 456
37 476
38 483
39 499
39 503
39 504
40 507
41 518
42 532
42 542
43 550
43 552
44 558
44 565
44 565
45 572
45 573
45 574
46 593
48 614
49 624
51 652
51 654
52 661
53 674
55 701
56 717
58 744
62 791
63 801
65 823
65 824
68 867
69 881
70 892
73 922
73 928
74 941
74 945
75 952
75 952
76 967
77 973
77 980
77 982
77 983
84 1065
85 1076
86 1088
87 1099
87 1103
88 1112
88 1122
91 1152
94 1192
96 1213
96 1221
96 1224
97 1235
97 1235
98 1243
98 1246
100 1263
