50
10
8 73
14 122
19 171
31 271
35 308
52 451
80 697
88 768
89 773
96 834
10
6 80
30 351
35 406
35 416
38 450
78 908
91 1056
93 1084
95 1107
100 1156
10
5 41
11 86
12 100
13 106
27 212
34 268
37 290
51 399
71 559
100 777
10
5 75
9 148
14 210
26 394
37 557
58 867
63 947
80 1199
93 1402
95 1427
10
15 147
23 215
44 409
50 468
62 576
63 581
67 619
86 795
98 903
100 920
10
5 71
7 93
8 115
13 177
16 218
19 259
57 748
62 815
65 862
92 1219
10
8 154
10 181
14 254
31 558
44 785
45 804
67 1196
96 1717
99 1769
100 1779
10
0 1
6 33
9 54
36 200
48 266
64 356
68 379
74 412
88 489
90 498
10
1 17
10 165
13 202
20 310
20 316
35 543
59 917
80 1246
94 1455
100 1540
10
1 18
17 197
30 329
36 400
68 754
79 875
81 895
84 923
85 941
90 991
10
2 2
4 3
9 7
21 16
22 17
28 21
73 55
78 59
85 64
100 75
10
16 60
20 77
21 82
35 132
40 152
51 194
62 235
71 267
72 273
94 354
10
25 237
61 568
62 578
69 646
70 651
92 857
96 889
98 915
99 920
100 926
10
8 89
12 136
22 244
30 321
30 325
31 337
64 681
69 744
73 776
100 1063
10
2 5
9 20
9 22
17 38
35 78
56 125
86 193
86 193
100 222
100 222
10
27 400
28 402
34 494
38 547
41 597
64 919
77 1112
86 1240
92 1334
98 1417
10
2 4
4 8
22 38
44 76
44 77
47 82
74 128
77 133
79 137
95 164
10
17 223
17 227
21 274
35 451
46 583
71 897
80 1016
83 1055
91 1151
100 1263
10
0 16
1 20
9 162
18 301
20 328
21 352
62 1026
64 1049
91 1500
99 1630
10
4 61
8 108
9 115
23 297
30 382
73 931
79 1001
80 1009
92 1165
100 1260
10
5 21
8 33
14 57
19 78
82 333
91 367
94 380
95 385
99 398
100 402
10
6 79
14 173
17 206
27 326
27 330
38 461
76 914
82 987
87 1046
100 1193
10
6 8
26 33
29 36
35 44
45 57
57 71
69 86
83 104
91 114
97 121
10
3 10
7 24
8 28
39 127
40 131
44 143
72 233
80 261
93 302
100 323
10
2 36
4 76
10 166
32 507
45 711
47 747
74 1172
89 1400
97 1533
100 1572
100
0 2
1 11
4 42
5 56
8 80
9 90
10 101
11 109
11 115
13 129
16 161
16 163
16 164
17 173
18 181
18 185
19 195
19 196
20 200
20 206
23 229
23 229
25 249
27 273
32 316
32 324
34 342
35 351
36 362
37 366
38 378
39 389
40 395
42 422
43 426
44 434
44 435
45 444
46 455
48 473
48 478
48 478
48 478
49 482
49 483
49 484
49 484
49 489
50 496
51 507
51 507
51 509
52 513
52 518
52 520
55 550
56 555
56 558
57 563
57 563
57 566
61 603
62 615
63 625
65 642
65 644
65 644
66 656
66 656
67 663
69 679
71 707
72 713
73 719
75 742
76 748
77 760
83 819
83 823
84 827
84 827
86 849
88 866
90 885
90 892
90 893
90 894
93 919
94 925
94 931
94 933
95 938
95 941
95 943
96 947
96 953
97 957
98 966
98 966
100 983
100
0 2
2 30
2 31
2 38
2 39
2 40
3 50
6 84
8 114
9 133
10 153
11 164
17 249
19 273
20 282
22 309
22 313
23 322
25 354
27 384
27 390
28 397
29 412
30 419
30 419
30 432
31 440
31 441
31 442
31 445
34 476
34 483
34 485
35 501
36 502
37 522
37 528
38 538
39 544
39 545
40 562
43 603
43 605
43 607
43 612
44 625
45 629
47 659
48 680
48 683
49 690
50 698
50 707
52 732
53 740
53 752
54 756
54 763
56 787
58 812
61 858
63 884
65 911
68 954
69 966
70 984
70 987
72 1008
72 1010
73 1019
74 1036
74 1040
75 1051
75 1051
76 1062
78 1097
79 1103
79 1113
80 1119
82 1152
83 1159
83 1161
84 1180
85 1186
86 1201
86 1205
86 1208
86 1211
89 1253
90 1264
90 1265
91 1279
92 1292
93 1300
95 1326
95 1333
96 1348
96 1350
97 1360
100 1394
100
0 5
3 64
3 66
4 82
4 84
5 97
5 107
6 118
6 124
7 140
8 169
10 200
10 205
11 215
11 219
11 225
11 225
13 265
15 288
15 298
17 338
20 385
20 393
21 406
21 419
22 426
22 429
24 463
24 473
25 486
27 533
30 577
30 585
31 597
33 640
34 651
34 657
36 689
36 690
37 708
37 716
39 750
40 783
41 789
42 817
42 817
43 834
44 856
46 892
51 980
53 1022
53 1026
54 1039
54 1041
54 1049
56 1078
56 1089
58 1115
58 1123
60 1156
60 1163
62 1201
63 1215
66 1274
66 1278
66 1278
67 1292
70 1342
71 1362
72 1391
72 1394
74 1428
75 1439
79 1516
79 1526
80 1531
81 1560
82 1576
83 1591
84 1620
84 1623
85 1629
85 1629
86 1653
88 1692
91 1743
92 1767
92 1771
92 1771
93 1781
94 1799
94 1802
94 1803
94 1804
96 1847
97 1867
98 1881
98 1890
99 1901
99 1903
100
0 4
1 14
1 15
1 25
3 40
3 46
4 56
4 63
5 67
5 68
5 71
6 81
6 90
7 102
8 116
9 118
9 122
9 129
10 131
10 138
11 154
12 167
14 188
14 194
15 198
17 225
18 234
18 244
22 292
23 307
23 307
23 310
24 322
25 332
26 340
28 373
29 378
29 380
29 382
30 396
30 399
30 400
32 424
33 431
34 443
34 446
35 459
38 498
40 521
40 528
42 547
44 584
45 586
45 592
48 624
51 663
52 688
55 724
56 730
58 766
58 766
58 766
62 810
62 818
64 838
65 853
65 854
66 862
67 872
68 886
72 948
73 949
73 954
74 964
74 973
75 977
76 992
77 1006
78 1024
79 1034
79 1038
82 1070
83 1086
84 1092
84 1098
84 1101
85 1114
86 1119
86 1126
87 1135
87 1142
90 1175
90 1176
91 1184
91 1194
92 1203
93 1209
94 1225
95 1235
100 1299
100
0 6
1 18
1 19
2 27
3 43
3 46
4 54
6 84
7 91
7 92
8 104
8 106
9 125
13 169
13 171
14 185
18 242
18 245
18 245
19 248
19 256
21 282
21 282
22 288
22 295
23 303
24 312
26 340
26 347
26 348
27 355
27 361
28 373
29 389
30 390
30 396
31 413
32 423
33 432
33 437
34 451
36 469
36 470
37 485
37 486
37 487
40 529
42 551
43 561
44 576
44 584
45 589
46 605
46 606
48 624
48 626
50 658
52 685
53 689
57 752
58 757
60 791
61 801
63 821
64 839
64 844
65 850
67 874
67 876
67 882
69 900
69 907
70 919
71 934
75 978
75 983
76 989
76 993
78 1017
80 1044
81 1061
82 1077
87 1141
88 1155
88 1156
90 1172
90 1181
91 1183
91 1185
92 1196
93 1214
93 1218
94 1231
95 1240
96 1250
96 1259
97 1269
97 1273
99 1294
100 1299
100
0 3
0 6
2 32
2 38
2 38
3 57
4 79
5 87
5 91
7 121
8 128
8 131
8 134
9 146
10 166
12 201
13 213
13 221
14 234
15 242
15 243
16 255
17 272
17 277
19 316
19 316
21 339
21 347
22 361
30 483
32 513
32 516
32 519
33 532
34 547
34 555
34 556
36 574
36 584
37 591
39 624
42 671
42 679
43 693
43 699
45 727
45 730
46 735
48 777
49 782
50 800
51 820
51 826
51 828
52 833
54 862
54 864
54 876
55 880
56 906
57 921
58 931
58 932
58 934
58 935
59 945
59 951
60 959
60 963
60 964
65 1050
66 1052
67 1070
69 1101
71 1134
71 1142
72 1153
73 1170
75 1209
76 1211
76 1217
77 1228
79 1263
83 1329
83 1331
84 1341
84 1349
87 1394
88 1403
89 1418
89 1420
90 1437
90 1442
91 1457
93 1495
94 1507
95 1516
98 1565
98 1566
100 1593
100
0 3
0 9
1 25
2 29
2 35
3 40
3 42
5 73
6 80
6 86
8 112
9 127
11 145
12 158
15 204
16 218
19 249
19 250
23 300
24 315
24 315
25 325
27 355
28 365
28 366
28 371
29 383
29 383
29 385
31 400
31 402
32 415
32 415
32 421
33 428
35 456
35 459
36 473
38 494
38 497
39 503
39 510
40 514
40 515
43 565
45 590
46 594
52 681
53 687
53 692
55 712
56 720
56 725
56 731
58 757
58 758
60 774
61 789
61 789
61 795
61 796
62 798
63 817
64 825
64 833
65 841
66 852
66 855
68 878
69 894
70 901
70 902
70 904
75 968
75 973
76 977
76 984
76 988
77 998
77 1001
79 1018
82 1055
84 1086
85 1097
86 1114
87 1120
88 1133
88 1136
88 1142
88 1143
89 1146
90 1167
92 1192
92 1193
94 1217
95 1233
96 1234
96 1235
96 1237
98 1269
100
2 19
2 20
3 34
4 41
5 47
5 54
5 54
6 60
7 71
8 74
9 86
10 94
10 99
11 104
12 111
14 132
15 139
15 140
15 141
15 144
17 165
19 176
19 177
19 183
21 195
21 202
22 206
22 207
22 212
23 213
24 222
25 233
28 263
29 274
30 285
31 288
32 303
35 330
36 333
36 338
37 350
39 361
44 408
46 426
46 428
46 428
47 436
47 442
48 445
50 465
50 466
51 473
51 477
52 480
53 497
55 509
55 511
55 513
56 517
57 532
59 552
60 555
60 563
62 575
62 575
63 583
63 586
66 614
69 644
70 653
71 658
71 664
72 670
72 672
75 700
76 702
76 710
77 711
77 712
77 713
77 719
78 721
78 727
79 731
79 738
81 750
81 754
81 755
85 789
87 806
88 813
88 819
89 822
90 839
97 898
98 907
98 907
99 916
99 918
100 923
100
0 3
1 4
1 4
2 11
4 19
5 21
5 22
6 26
6 26
7 28
8 32
12 50
14 56
14 58
14 58
16 66
17 68
20 79
21 82
22 86
22 87
22 89
23 90
23 93
24 96
25 98
25 100
27 107
27 108
28 109
28 109
29 113
29 115
30 117
31 121
31 124
34 133
35 139
36 142
36 143
37 146
39 152
39 154
39 155
40 157
40 157
43 170
43 170
44 175
46 179
46 182
47 183
48 187
50 196
51 200
51 202
52 206
53 209
55 215
55 217
56 220
58 229
58 229
58 229
59 231
59 232
60 237
61 240
61 240
62 242
63 248
64 250
65 255
67 263
67 263
69 269
69 272
70 275
75 293
75 293
75 294
76 296
77 300
78 306
79 309
80 315
81 318
82 319
83 323
86 337
86 337
87 341
90 351
92 358
92 360
94 366
96 374
96 377
98 384
100 389
100
0 7
0 11
0 11
1 14
1 16
1 20
1 22
2 26
2 29
3 36
3 37
5 58
5 60
6 70
6 72
7 84
9 103
9 103
9 108
11 128
13 148
15 174
15 176
16 183
16 186
17 198
18 208
19 215
20 224
20 227
21 237
21 239
21 243
21 244
22 247
23 259
23 264
24 267
24 268
24 273
24 274
25 285
26 293
26 295
28 319
29 325
29 332
30 338
30 340
31 351
31 354
32 360
32 360
33 368
33 371
35 391
37 412
40 445
41 457
41 460
43 482
43 484
44 491
44 492
45 504
45 507
45 508
47 529
48 540
48 543
51 567
51 571
53 596
53 596
54 602
56 627
56 628
56 630
56 632
57 636
57 641
58 646
62 693
66 742
68 762
69 773
70 787
72 806
72 806
72 810
74 827
76 845
77 863
78 876
79 886
87 967
90 1001
91 1012
91 1015
98 1095
100
0 0
1 3
1 3
3 6
3 6
6 10
6 10
7 11
8 13
8 13
8 14
10 16
13 21
13 21
15 24
15 24
16 25
17 27
17 28
19 31
19 31
23 36
25 39
25 40
26 41
26 41
26 41
26 42
27 43
29 46
29 46
29 46
32 51
32 51
33 52
33 52
35 55
37 58
38 60
39 61
39 62
40 63
41 64
41 65
42 67
43 68
43 68
44 69
44 70
45 71
46 72
47 74
48 75
50 79
52 82
54 85
54 85
56 88
56 88
58 91
58 92
59 93
60 95
62 97
65 102
66 104
66 104
68 107
68 107
69 108
69 108
70 110
71 112
71 112
72 113
73 115
74 116
75 117
75 117
78 123
80 125
80 125
83 130
83 131
83 131
87 137
88 138
88 138
90 141
91 142
91 142
91 142
93 146
94 148
96 151
97 152
97 152
98 153
99 155
100 156
100
0 7
0 11
1 23
1 25
1 36
5 109
9 184
10 198
11 220
11 226
12 240
13 271
14 286
15 302
17 336
20 403
21 418
22 449
23 461
24 481
24 485
25 491
26 516
26 524
27 535
27 535
29 574
30 599
32 636
32 639
33 648
33 658
34 674
35 691
35 703
37 727
37 734
38 747
38 763
39 771
40 804
41 806
41 810
41 810
42 837
42 838
43 848
43 859
44 880
45 890
45 900
46 905
48 946
50 985
51 1003
52 1021
53 1058
56 1101
57 1122
58 1154
59 1162
60 1189
60 1190
62 1236
63 1253
64 1263
66 1300
67 1329
68 1346
69 1364
70 1377
70 1384
70 1385
70 1388
70 1392
71 1398
71 1411
72 1427
74 1465
74 1466
74 1471
75 1491
75 1491
76 1497
77 1527
82 1617
82 1619
84 1649
84 1658
85 1678
85 1688
86 1705
93 1829
94 1851
94 1863
95 1871
95 1883
97 1910
98 1927
100 1963
100
0 0
0 4
2 33
3 52
4 66
4 68
5 78
6 91
6 91
7 108
7 110
7 117
8 128
10 157
12 179
13 194
13 201
14 209
14 218
16 244
17 251
18 271
18 277
20 307
21 312
21 316
22 333
23 346
23 347
23 348
23 350
24 355
24 357
24 358
25 370
27 411
28 414
28 425
29 430
31 459
32 482
32 482
34 500
34 510
35 517
37 550
43 643
44 651
45 662
47 697
51 759
51 759
52 777
53 788
53 792
57 850
57 852
60 887
60 887
60 893
61 906
62 919
63 931
67 992
67 994
68 1006
69 1021
70 1040
71 1048
71 1055
72 1061
74 1088
75 1102
75 1112
76 1119
77 1132
78 1154
78 1158
79 1161
79 1163
79 1164
79 1175
80 1179
80 1186
81 1201
83 1220
84 1237
86 1274
86 1276
87 1286
87 1290
88 1303
89 1320
89 1320
90 1324
91 1348
92 1364
95 1405
96 1423
99 1459
100
0 3
2 10
4 16
5 18
5 18
6 22
6 22
6 24
7 26
8 31
15 56
19 68
19 69
19 70
20 73
22 81
24 86
24 86
25 92
25 92
26 95
26 95
27 96
27 97
28 101
28 102
29 106
30 107
30 109
31 111
33 119
36 129
36 130
37 133
38 137
46 164
47 167
47 169
48 170
50 179
51 181
53 189
53 191
59 211
61 216
62 220
62 221
62 223
63 226
63 226
63 226
64 229
65 232
66 236
66 236
69 245
69 246
69 247
69 247
70 250
70 251
72 255
73 260
73 260
73 261
74 262
75 267
75 267
76 271
76 271
76 272
77 273
77 273
77 274
77 274
77 274
78 279
79 283
80 286
81 287
82 291
82 292
82 293
84 298
85 301
87 308
87 310
87 311
89 316
90 319
91 323
94 335
94 335
95 338
95 339
95 339
96 340
96 341
98 347
100 354
100
1 38
4 93
4 96
4 97
6 132
6 132
8 158
8 175
10 213
11 216
11 235
12 236
13 274
14 276
14 290
15 294
15 295
16 322
16 328
16 333
17 351
18 354
19 377
21 417
21 418
21 426
22 442
22 447
24 474
24 479
24 489
26 522
26 528
27 539
27 545
27 546
28 552
30 602
30 606
33 647
33 661
34 679
36 714
37 733
37 740
40 791
41 806
41 821
42 826
42 831
42 840
44 864
45 897
48 952
48 959
49 962
50 984
50 994
51 1010
52 1034
53 1044
54 1077
55 1086
62 1217
62 1225
64 1267
66 1307
67 1324
68 1349
69 1357
70 1372
71 1394
72 1430
74 1458
74 1469
75 1479
76 1496
76 1505
77 1514
77 1525
77 1528
78 1532
79 1549
79 1561
82 1619
84 1648
84 1653
85 1670
86 1694
88 1735
88 1742
91 1787
91 1790
92 1806
93 1825
94 1858
95 1877
97 1905
98 1939
99 1945
100
0 1
0 2
0 4
2 22
4 36
4 40
5 51
6 55
6 59
7 62
8 71
8 73
9 82
9 83
10 87
10 91
12 103
13 112
14 124
14 124
14 125
16 141
18 159
19 165
20 173
21 185
22 191
23 200
24 212
25 213
25 214
25 216
26 225
28 247
29 253
30 260
30 261
31 268
32 274
35 302
35 305
39 337
42 358
43 368
44 383
47 403
47 407
48 417
49 419
50 429
50 432
51 439
51 443
53 452
55 471
57 490
59 506
59 508
59 508
59 509
60 513
61 522
62 530
62 534
64 546
64 547
64 550
64 550
64 553
65 555
69 590
69 594
70 604
71 606
73 630
74 633
74 635
78 673
79 675
80 686
84 719
84 723
84 724
87 744
90 771
92 786
92 790
94 803
94 807
95 817
97 831
97 832
98 837
98 838
98 840
99 845
99 846
99 846
99 849
100 852
100
0 5
0 8
1 22
3 50
3 59
4 66
4 68
4 74
5 84
5 84
5 87
8 120
8 126
9 141
9 143
10 158
11 173
15 228
15 236
15 239
16 241
17 260
18 283
22 343
23 349
23 354
25 379
26 400
26 404
27 412
29 446
30 450
30 452
30 453
30 459
30 463
31 467
32 481
33 496
36 544
36 548
44 666
46 694
48 721
48 725
49 743
50 761
51 770
51 773
51 778
51 778
52 788
54 816
54 817
54 818
54 821
56 840
57 855
58 874
58 880
61 920
61 921
62 934
62 943
63 945
64 962
64 969
66 994
69 1036
70 1059
70 1064
72 1081
74 1114
75 1132
75 1133
75 1138
78 1171
78 1179
81 1219
81 1221
81 1227
82 1231
82 1236
83 1257
84 1273
85 1288
87 1309
87 1315
88 1324
90 1352
91 1370
94 1416
94 1417
95 1430
96 1443
96 1448
98 1470
98 1483
99 1492
99 1495
100
0 1
1 2
1 2
2 3
2 3
2 3
4 5
5 6
6 7
6 7
8 9
8 9
8 9
8 9
9 10
10 11
10 11
12 14
13 15
14 16
16 18
19 21
20 22
22 25
23 26
23 26
24 27
24 27
24 27
26 29
26 29
26 29
27 30
27 30
27 30
28 31
29 32
29 32
29 32
30 33
30 34
31 35
32 36
32 36
34 38
36 40
36 40
37 41
40 44
41 46
45 50
45 50
45 50
46 51
46 51
47 52
49 54
50 56
50 56
51 57
54 60
56 62
57 63
58 64
58 64
60 66
63 70
64 71
67 74
68 75
70 77
70 77
71 79
72 80
72 80
73 81
74 82
74 82
76 84
79 87
80 88
80 89
80 89
81 90
81 90
82 91
85 94
85 94
86 95
87 96
88 97
90 100
92 102
93 103
93 103
94 104
98 108
99 109
100 110
100 110
100
1 32
2 38
2 48
3 56
3 66
3 68
4 84
5 98
8 157
10 186
12 225
12 235
14 275
16 311
16 312
18 342
19 363
22 421
23 432
24 452
24 453
24 455
25 480
26 497
28 529
28 535
33 629
33 630
34 648
34 649
35 656
37 688
37 697
39 741
40 744
41 773
41 778
47 890
48 893
48 906
49 914
49 918
51 952
52 971
52 973
53 997
55 1026
57 1070
60 1133
65 1211
65 1217
65 1224
66 1229
66 1244
68 1277
69 1287
69 1294
69 1299
69 1300
70 1313
71 1327
71 1329
73 1362
74 1376
75 1402
75 1407
75 1411
77 1433
78 1454
79 1474
80 1496
80 1499
81 1508
81 1510
84 1567
84 1579
85 1585
86 1609
86 1609
89 1661
90 1676
90 1680
92 1717
92 1723
93 1732
93 1742
93 1745
94 1755
94 1764
95 1766
96 1786
96 1796
96 1800
97 1804
98 1823
98 1837
99 1840
99 1847
99 1847
100 1858
100
0 9
0 10
3 34
3 39
5 58
6 73
6 75
8 98
12 135
13 148
13 149
13 153
13 153
16 181
17 192
20 228
21 235
21 240
23 257
23 261
23 263
24 267
24 268
27 299
28 319
30 331
30 332
31 343
32 355
33 366
33 368
33 369
33 370
34 378
34 380
34 380
35 391
36 403
37 413
39 436
40 441
40 444
41 453
41 461
43 483
44 493
44 495
45 496
45 504
46 509
49 540
49 543
50 555
50 560
51 562
52 573
54 601
55 613
56 622
59 653
62 683
63 697
64 713
65 725
68 751
69 765
71 784
72 794
72 801
72 801
74 816
74 821
75 829
75 830
77 850
77 855
78 866
79 870
79 875
80 883
81 901
82 912
83 919
84 929
86 952
86 952
88 977
89 990
90 994
90 994
91 1008
92 1013
92 1022
92 1023
93 1032
94 1039
96 1062
97 1074
99 1091
100 1101
100
4 5
4 5
7 9
10 12
12 14
12 14
12 14
13 15
15 18
15 18
15 18
16 19
16 19
17 20
20 23
20 23
20 23
21 24
24 28
26 30
28 32
28 32
28 32
29 33
29 33
30 35
31 36
33 38
34 39
36 41
36 41
38 44
38 44
43 49
46 52
46 52
46 52
46 53
46 53
46 53
46 53
46 53
47 54
47 54
48 55
48 55
49 56
50 57
50 57
51 58
52 59
52 59
52 59
53 60
53 60
53 60
53 61
54 62
54 62
55 63
57 65
58 66
59 67
59 67
60 68
61 69
61 69
61 69
62 71
63 72
63 72
66 75
66 75
66 75
70 80
70 80
71 81
73 83
74 84
75 85
75 85
78 89
79 90
79 90
79 90
81 92
84 95
85 97
85 97
88 100
92 105
92 105
94 107
94 107
97 110
98 111
98 111
98 111
100 113
100 113
100
0 4
1 27
2 36
3 54
3 61
8 147
9 162
10 177
11 198
12 212
14 248
15 262
15 262
16 276
18 319
18 320
20 345
20 358
22 384
24 425
26 457
28 498
29 511
33 568
35 603
35 606
35 609
36 628
37 649
38 668
39 673
39 677
40 691
40 700
41 708
42 737
42 739
43 753
45 783
45 788
46 799
46 802
47 813
49 843
49 852
50 863
50 867
55 957
56 966
57 992
58 1000
58 1007
59 1030
60 1042
61 1053
61 1055
62 1071
62 1082
64 1111
65 1122
66 1140
66 1152
67 1157
67 1158
68 1173
68 1176
68 1181
68 1186
69 1192
70 1209
71 1226
75 1305
75 1307
76 1321
77 1326
78 1353
78 1355
80 1376
81 1397
84 1445
86 1484
86 1489
87 1507
87 1510
88 1520
88 1528
89 1531
90 1560
91 1569
93 1606
95 1649
95 1649
96 1656
96 1667
96 1668
96 1668
98 1689
98 1698
99 1718
100 1720
100
0 2
0 3
1 6
1 8
4 21
4 22
4 23
6 30
6 33
6 34
8 43
8 44
9 45
9 46
11 56
11 59
12 60
12 61
13 68
14 71
15 74
15 74
15 77
18 91
18 92
19 94
20 102
21 105
22 113
23 114
23 114
24 120
25 125
25 127
25 127
31 155
32 160
34 169
34 169
34 171
35 176
36 178
38 189
40 202
41 207
42 208
43 216
44 221
45 225
47 235
47 236
50 247
52 260
59 291
59 292
60 297
61 301
62 306
64 316
65 321
66 326
66 330
67 331
68 338
71 354
72 355
72 355
72 356
72 359
73 364
74 368
76 375
76 375
76 377
78 386
78 387
78 388
79 391
79 392
82 406
82 409
83 413
84 418
85 422
87 431
90 445
90 446
90 448
92 456
94 464
94 466
95 473
96 474
96 475
96 476
97 483
98 486
99 491
100 493
100 493
100
0 2
0 2
0 4
5 35
5 35
9 65
9 66
10 70
11 75
11 80
12 81
12 81
12 81
12 87
13 88
13 88
13 89
13 89
13 92
14 96
15 106
16 110
16 113
16 114
17 120
18 127
21 143
22 154
22 154
24 164
24 165
25 171
28 193
31 210
34 233
36 243
38 257
39 266
40 270
40 274
40 275
42 287
43 290
43 294
46 312
48 326
49 332
51 343
52 350
52 350
53 362
54 367
54 367
55 371
55 372
56 376
56 379
57 383
58 392
59 402
60 409
62 418
63 427
63 429
65 441
67 450
67 453
69 466
70 473
71 478
71 481
72 487
73 490
74 501
76 515
77 520
78 530
82 551
83 559
84 568
85 574
89 598
90 604
90 607
90 608
90 609
91 612
91 614
91 617
92 618
92 620
93 627
93 629
93 630
94 631
94 637
98 661
99 665
99 666
99 668
100
0 16
1 25
1 28
1 35
3 57
4 79
5 106
5 107
7 137
7 143
7 143
7 151
8 152
10 198
10 203
11 212
13 255
13 262
14 269
16 316
16 318
17 325
19 376
20 393
21 404
22 419
23 437
25 485
27 524
28 535
28 540
30 572
30 585
30 587
32 613
32 620
33 634
34 647
37 719
40 764
41 787
42 798
45 860
48 922
48 928
50 950
51 979
51 984
53 1019
55 1060
58 1101
59 1125
60 1148
60 1148
60 1151
60 1154
60 1155
63 1201
65 1235
65 1236
66 1252
68 1289
68 1305
69 1317
69 1325
70 1329
70 1330
70 1342
72 1377
76 1448
77 1474
78 1489
78 1493
79 1504
81 1542
84 1597
84 1598
85 1614
85 1625
85 1626
86 1633
86 1636
86 1640
87 1662
87 1663
87 1664
89 1686
89 1698
89 1703
90 1705
90 1718
90 1722
94 1782
94 1782
94 1797
96 1827
98 1859
98 1870
99 1892
100 1894
