50
10
2 10
3 18
7 34
11 55
12 58
17 80
21 100
64 301
81 381
84 395
10
18 153
18 156
18 157
22 187
23 199
23 200
38 323
48 407
77 647
100 834
10
15 197
19 248
27 350
67 847
85 1079
86 1092
87 1105
93 1177
97 1229
99 1260
10
19 22
35 40
35 41
46 53
49 56
59 68
91 104
95 109
98 112
98 112
10
2 54
5 106
14 273
30 590
34 677
43 842
45 881
75 1469
80 1563
100 1945
10
16 37
19 43
35 79
59 130
59 130
69 153
71 157
77 171
99 219
100 220
10
12 46
16 63
26 100
43 165
53 202
78 295
89 338
93 352
98 371
100 377
10
6 24
11 39
23 82
42 151
51 183
70 249
78 278
84 299
87 311
100 354
10
14 134
21 199
46 419
48 441
68 627
76 696
78 718
80 731
98 894
100 909
10
6 94
15 211
21 292
33 452
50 690
63 866
86 1183
89 1230
91 1256
100 1367
10
14 200
33 479
60 870
64 917
65 929
85 1223
86 1238
89 1276
92 1323
100 1427
10
3 68
11 199
24 430
40 704
45 787
67 1163
73 1266
74 1286
96 1675
100 1730
10
8 9
16 17
18 19
62 64
64 66
68 71
69 72
75 78
85 88
100 103
10
9 159
46 774
54 908
57 964
79 1325
85 1424
88 1477
94 1578
97 1625
100 1674
10
8 90
19 202
19 203
45 463
49 505
50 513
52 530
60 614
73 750
100 1016
10
0 0
3 14
6 23
13 51
15 59
56 215
71 271
81 309
88 336
100 381
10
6 59
15 153
17 172
27 262
43 418
50 487
52 502
65 634
67 650
100 965
10
6 127
13 256
23 441
51 943
53 992
59 1091
60 1124
65 1214
75 1392
100 1844
10
4 91
7 143
15 300
24 478
35 689
52 1030
63 1245
76 1492
91 1793
97 1912
10
10 28
25 70
42 116
46 127
66 181
67 185
68 188
71 197
73 202
100 274
10
1 17
5 58
7 86
21 241
28 323
63 726
69 788
87 993
88 1007
89 1022
10
24 307
34 441
40 509
49 624
54 687
55 701
60 766
65 823
65 829
100 1263
10
15 113
18 131
27 195
30 215
34 247
43 305
48 341
58 414
66 467
100 707
10
13 6
29 13
36 16
50 22
52 23
59 26
61 27
95 42
95 42
97 43
10
29 236
49 395
66 534
69 553
70 560
74 593
78 627
83 670
95 761
100 800
100
1 33
1 37
2 38
2 51
3 67
5 108
8 163
9 171
11 209
11 218
15 284
16 312
19 364
22 422
23 443
25 470
26 488
26 504
28 530
31 598
34 637
34 638
34 641
35 661
35 669
35 670
36 681
37 705
37 706
40 757
42 797
44 827
44 829
44 840
46 871
46 875
47 888
47 896
48 901
48 905
50 937
50 947
51 960
51 963
53 999
53 1005
53 1005
54 1027
55 1035
56 1055
56 1056
57 1071
57 1084
58 1098
60 1137
61 1148
62 1173
64 1203
65 1225
65 1227
65 1232
66 1251
68 1284
69 1291
72 1349
72 1350
72 1365
73 1370
74 1402
75 1415
76 1425
76 1430
76 1437
77 1445
79 1484
80 1500
81 1519
82 1539
82 1545
84 1581
86 1609
86 1618
86 1624
87 1627
87 1633
87 1633
87 1634
89 1671
89 1678
89 1681
91 1704
91 1718
94 1760
94 1773
94 1774
96 1798
97 1828
98 1834
98 1848
100 1870
100
0 17
3 74
4 86
7 152
9 186
9 187
9 192
10 215
10 215
11 227
16 320
18 359
18 367
18 373
18 374
21 433
23 459
23 470
23 476
24 481
25 505
26 518
26 520
31 622
32 654
34 692
35 717
36 724
36 728
38 759
40 801
40 806
41 826
41 834
47 942
47 944
47 950
48 963
48 964
48 971
49 977
49 983
49 993
50 998
50 1009
50 1014
52 1051
53 1064
53 1067
58 1171
59 1184
59 1188
59 1190
60 1209
61 1219
61 1221
61 1221
63 1270
65 1308
66 1318
66 1326
69 1378
69 1379
70 1408
72 1436
72 1437
73 1472
74 1486
74 1489
75 1496
75 1502
76 1517
76 1523
77 1545
80 1597
80 1603
80 1604
82 1645
83 1672
86 1719
87 1746
87 1748
88 1765
88 1769
89 1785
89 1789
89 1789
90 1793
91 1826
92 1833
92 1842
92 1852
93 1856
93 1864
93 1866
95 1906
96 1915
98 1964
99 1977
99 1983
100
1 5
2 7
3 11
5 16
5 18
6 19
6 21
7 22
9 29
9 29
11 37
11 37
12 39
12 40
13 43
18 57
22 70
24 76
24 76
24 76
24 78
25 79
25 80
25 81
26 83
26 84
28 89
29 91
30 95
33 104
33 106
34 107
36 113
37 118
38 122
38 122
39 125
43 135
43 137
44 139
44 139
45 141
46 144
46 147
47 148
48 152
48 153
50 158
51 160
51 160
51 162
53 166
53 167
54 170
54 170
54 171
57 180
59 186
59 187
60 188
60 190
62 197
63 200
66 207
66 208
66 209
67 210
69 219
70 220
70 221
70 221
71 224
72 226
72 227
73 231
76 241
78 246
79 249
80 253
81 256
82 258
83 262
84 263
85 267
88 278
89 279
89 281
89 281
90 282
90 283
91 287
93 293
96 301
98 307
98 307
98 308
98 309
99 310
99 310
100 313
100
0 6
2 41
3 58
5 97
5 100
5 104
6 116
6 118
6 126
7 144
8 145
11 204
13 240
14 267
14 269
14 271
15 277
15 282
15 286
16 300
16 300
16 302
18 335
19 348
20 370
21 393
23 418
24 444
24 446
26 476
27 493
28 521
29 528
29 533
31 564
31 566
31 575
35 642
35 643
35 645
40 731
40 736
41 743
41 748
41 748
41 756
42 762
42 775
42 777
43 780
46 834
48 884
49 889
51 924
51 937
54 978
54 985
56 1017
56 1024
58 1055
58 1055
60 1089
61 1106
62 1129
62 1136
66 1200
66 1208
66 1209
67 1217
68 1233
69 1250
71 1293
72 1315
73 1333
73 1337
74 1338
74 1342
75 1365
76 1390
78 1411
78 1414
78 1417
79 1430
79 1440
79 1442
80 1447
81 1468
84 1528
86 1564
87 1588
88 1602
89 1621
89 1623
90 1641
91 1646
91 1655
91 1660
94 1708
95 1723
98 1777
100
1 3
2 4
4 8
4 9
5 10
5 10
6 12
6 12
8 16
8 16
9 17
10 19
11 21
12 24
14 27
14 28
16 30
17 33
17 33
18 35
20 39
21 40
22 42
24 46
25 48
26 50
27 52
30 57
30 57
32 60
32 61
34 64
34 65
35 67
37 70
37 71
40 75
42 79
43 81
43 82
44 84
44 84
45 85
46 87
46 87
46 87
47 88
47 89
48 90
50 94
50 94
51 96
51 96
51 97
55 103
57 108
57 108
58 109
59 111
60 113
60 114
62 117
65 123
65 123
66 125
67 126
68 128
69 130
70 131
70 131
70 131
71 133
71 133
73 138
74 139
75 141
77 145
81 152
82 154
82 155
83 157
86 162
87 163
88 165
89 167
89 167
93 174
93 174
94 177
95 178
95 178
95 178
96 180
96 181
97 182
98 184
98 185
99 186
100 187
100 187
100
0 4
0 4
1 13
2 18
2 18
3 21
3 27
5 35
5 38
9 69
10 74
12 87
13 97
16 118
16 118
18 127
19 136
19 139
20 140
20 143
21 149
23 165
23 165
24 174
25 175
26 182
26 184
27 189
27 192
27 195
28 197
28 198
28 200
29 209
30 211
30 212
30 215
31 220
31 220
34 241
34 243
37 259
37 263
39 272
39 277
39 277
40 281
41 287
42 295
43 305
44 313
47 331
48 335
48 335
50 349
52 366
53 373
54 382
55 386
55 388
56 391
56 397
57 400
57 401
58 405
58 408
58 410
58 410
60 420
61 431
65 457
66 463
66 465
66 466
68 477
70 489
70 490
72 505
74 520
76 535
78 547
80 560
80 561
82 573
84 590
85 597
86 601
86 602
86 605
87 611
88 619
89 621
89 625
91 641
93 652
93 655
94 660
95 668
95 668
97 678
100
2 43
2 54
6 132
8 170
9 182
9 185
10 210
11 230
12 243
12 246
13 277
14 292
14 294
16 323
16 323
16 330
17 344
17 355
19 383
21 423
21 429
21 439
22 451
23 463
23 465
23 476
24 491
27 548
30 605
30 615
31 636
32 641
32 659
33 660
33 667
34 687
34 695
35 710
36 724
37 751
39 795
39 799
40 800
40 801
41 827
42 843
42 853
43 860
43 860
47 953
48 960
48 963
48 974
48 976
49 989
50 1005
51 1033
56 1126
57 1142
57 1146
57 1146
57 1147
59 1184
59 1187
60 1217
62 1255
67 1341
68 1371
70 1401
70 1418
72 1454
74 1487
74 1490
75 1499
75 1511
77 1555
78 1559
78 1560
78 1575
79 1592
79 1593
80 1617
82 1648
84 1681
84 1686
84 1691
84 1695
85 1700
86 1719
86 1726
86 1728
86 1731
86 1735
87 1747
89 1782
93 1875
95 1903
96 1923
97 1949
100 1998
100
0 3
1 15
1 19
1 19
2 35
3 39
5 64
5 69
5 73
5 74
9 117
10 126
10 135
11 140
12 160
13 171
13 171
14 186
15 190
16 211
17 222
19 244
20 256
20 259
21 267
22 277
23 290
24 309
25 313
28 356
31 391
31 397
33 413
33 416
33 420
33 420
33 421
33 424
35 444
36 450
36 457
37 464
38 475
38 479
38 482
38 485
39 498
39 499
41 524
43 538
43 541
44 551
46 579
46 580
46 580
46 582
46 586
49 621
51 647
54 677
55 688
55 691
56 707
57 716
57 718
57 721
58 736
60 756
60 761
61 763
61 765
64 806
66 833
67 842
67 846
70 884
71 898
74 933
75 949
77 971
78 980
78 985
78 986
78 986
80 1000
80 1002
81 1014
81 1017
83 1048
83 1049
84 1055
87 1098
90 1136
92 1155
94 1175
94 1185
95 1189
96 1202
96 1209
98 1228
100
1 14
2 27
2 28
3 49
5 70
5 73
6 83
7 103
8 115
11 148
12 168
14 189
17 227
20 266
20 271
21 285
21 288
22 292
23 309
23 313
23 313
24 316
24 320
25 333
25 333
25 339
26 344
27 354
28 379
29 384
29 390
30 396
30 402
33 444
34 458
36 473
37 485
37 487
37 488
37 495
39 512
39 512
39 521
39 523
40 535
40 535
41 548
42 561
43 569
45 598
46 603
46 604
50 661
51 676
52 688
53 704
54 719
57 749
57 749
57 758
59 780
59 785
61 805
61 806
61 807
63 836
63 838
64 840
65 856
65 859
66 876
67 887
68 891
69 905
69 908
69 911
74 973
74 976
75 984
75 993
76 1007
77 1015
79 1043
81 1068
81 1072
81 1073
82 1078
82 1084
83 1090
83 1094
84 1113
89 1168
93 1221
95 1245
95 1251
97 1277
98 1285
98 1287
99 1306
100 1310
100
1 25
4 70
4 83
5 92
5 92
7 136
7 136
8 140
9 166
9 170
10 174
10 186
10 189
14 244
15 262
15 273
16 294
17 305
21 366
23 412
25 437
26 468
28 503
29 505
29 508
30 533
30 538
32 558
32 570
35 617
35 618
36 635
36 640
38 665
38 666
39 691
40 699
40 711
42 737
42 746
45 786
45 798
46 808
46 808
47 818
48 849
50 874
50 884
50 884
51 898
51 903
52 918
52 921
53 924
53 924
54 951
56 987
58 1020
59 1028
59 1035
60 1048
61 1075
63 1105
65 1131
66 1154
67 1181
68 1192
68 1193
68 1194
68 1198
69 1203
69 1214
70 1220
71 1238
73 1272
73 1279
74 1297
75 1305
75 1310
76 1321
77 1353
79 1386
80 1399
81 1411
81 1418
85 1489
85 1491
85 1493
86 1510
87 1523
88 1538
90 1568
90 1579
92 1604
92 1615
95 1662
96 1677
96 1682
99 1726
100 1738
100
3 13
3 14
5 23
5 23
5 24
6 29
7 31
9 41
9 41
9 43
10 46
11 51
12 54
12 55
13 57
16 70
21 93
21 94
22 95
24 105
24 107
25 111
27 119
28 123
28 124
29 127
29 129
30 132
30 133
31 136
32 142
34 148
34 150
34 150
34 150
36 156
37 162
37 163
39 169
39 171
39 172
45 195
46 202
48 207
49 215
50 216
52 227
53 229
54 237
54 237
56 242
57 246
60 261
61 266
62 271
63 274
63 274
63 274
64 276
65 284
66 285
69 298
71 309
71 309
72 314
73 316
74 321
74 322
74 322
74 322
74 322
76 329
76 330
77 335
78 339
79 341
79 342
82 354
84 366
85 368
86 371
86 372
86 372
86 373
87 376
87 377
87 378
88 383
90 390
91 393
92 397
93 401
93 402
93 404
95 412
95 413
96 414
96 415
99 428
100 431
100
0 8
1 27
1 28
1 28
1 30
2 33
2 40
3 49
3 52
4 77
4 78
4 78
4 79
5 92
6 98
6 103
6 106
6 106
6 107
8 141
9 152
9 153
10 172
12 203
13 208
14 238
15 243
15 245
15 245
20 322
20 327
20 332
26 417
26 419
27 443
28 445
29 463
29 475
31 499
31 500
33 533
36 576
37 592
39 626
39 633
40 643
43 697
44 703
45 730
46 733
47 750
47 755
47 759
48 767
48 773
49 792
51 815
51 822
54 861
54 873
56 892
57 919
57 919
60 957
60 958
60 966
61 973
62 1000
63 1003
69 1098
69 1103
69 1104
70 1112
70 1116
70 1121
71 1143
72 1145
72 1157
73 1165
73 1169
73 1170
75 1194
77 1234
79 1270
81 1296
81 1299
81 1301
83 1321
87 1386
89 1429
90 1445
91 1450
92 1471
92 1473
94 1500
95 1509
95 1514
98 1570
99 1574
100 1588
100
0 0
0 1
1 2
2 3
2 3
5 8
6 9
7 11
7 11
7 11
9 14
10 15
11 16
11 17
11 17
11 17
12 18
14 21
15 22
16 23
16 24
19 28
21 31
22 32
23 33
23 34
23 34
24 35
25 36
26 38
28 40
28 40
28 41
29 42
29 42
30 43
31 45
34 49
35 50
35 51
35 51
37 53
38 55
38 55
38 55
39 56
42 61
43 62
45 65
45 65
47 68
47 68
48 69
50 72
52 74
52 74
57 81
57 81
57 81
58 83
58 83
59 84
60 86
61 87
61 87
61 87
61 87
61 88
63 90
64 91
64 92
66 94
66 94
66 95
69 99
71 101
73 104
73 105
75 107
76 109
78 111
78 111
78 111
80 114
80 115
82 117
83 119
84 120
84 120
86 123
87 124
87 124
90 128
90 129
94 134
95 136
96 137
96 137
97 138
100 142
100
0 0
0 1
1 4
1 5
2 8
6 18
7 21
7 21
7 21
7 21
10 30
10 30
11 32
16 48
17 49
19 56
19 57
20 58
20 59
21 61
21 62
21 62
22 64
22 64
22 65
25 74
27 80
27 80
28 81
31 89
32 94
34 99
35 103
36 104
36 105
36 106
36 106
39 113
40 116
40 117
41 118
41 118
42 122
42 123
44 128
44 129
45 130
46 133
47 135
47 136
48 138
48 139
48 140
49 143
50 146
50 146
51 149
52 151
55 159
55 159
56 161
56 162
58 169
58 169
59 170
59 171
60 173
60 173
60 174
60 175
63 181
63 183
70 202
71 205
72 207
72 208
72 208
74 214
75 217
77 221
77 222
79 229
80 230
81 235
82 236
83 241
84 242
87 250
88 254
89 256
89 257
90 259
90 261
90 261
90 261
93 268
95 274
96 276
98 284
100 287
100
1 8
1 14
2 21
3 24
3 30
3 31
5 45
7 60
8 63
8 67
8 68
9 74
10 78
10 79
10 82
10 83
15 121
16 126
19 149
19 150
22 177
23 184
24 189
25 199
25 201
26 204
26 204
26 207
26 209
28 221
29 233
30 239
30 240
31 245
32 251
33 260
36 283
36 285
37 288
38 296
40 312
41 325
42 327
43 336
45 350
45 354
46 364
50 389
50 393
51 404
52 406
53 413
54 425
54 426
54 427
59 461
60 472
62 485
64 503
64 504
65 506
68 532
69 540
69 541
70 545
71 557
73 574
74 576
74 577
74 580
74 580
75 584
75 586
76 598
77 600
77 600
78 608
79 614
79 616
80 625
80 629
82 639
84 658
84 660
84 660
85 662
85 662
85 666
85 667
86 675
88 690
89 692
90 706
91 713
92 722
93 723
93 728
96 752
96 752
99 775
100
0 3
0 10
2 37
4 68
6 104
7 112
8 128
8 129
8 131
8 142
12 196
13 217
15 253
16 270
17 279
18 292
19 307
19 318
20 331
21 337
21 344
21 346
23 377
23 380
24 386
24 393
25 405
27 444
31 496
31 506
32 524
33 533
34 546
34 546
34 557
36 581
36 582
36 582
36 587
38 621
39 625
39 630
39 637
41 656
42 677
43 696
46 741
46 750
47 766
48 777
50 813
51 816
51 825
52 834
52 840
53 862
55 879
55 880
55 889
56 910
57 913
60 963
61 983
61 988
62 993
64 1028
64 1029
64 1035
66 1063
67 1083
67 1083
68 1098
69 1114
72 1153
72 1154
73 1176
75 1203
75 1214
77 1244
78 1248
81 1297
82 1324
84 1353
85 1361
86 1389
87 1395
87 1403
88 1418
89 1427
90 1453
90 1454
91 1460
92 1474
93 1499
93 1502
95 1524
98 1580
99 1590
99 1593
100 1598
100
1 11
2 23
2 29
3 34
3 38
4 45
5 62
6 67
9 104
10 115
11 130
12 140
13 147
15 164
15 169
17 187
17 187
17 189
18 197
18 198
20 221
20 225
21 239
25 278
25 279
25 279
25 283
27 303
27 305
28 307
28 312
28 315
30 333
34 376
34 380
34 380
35 382
37 408
38 425
40 438
40 446
41 452
43 474
44 485
44 490
45 494
45 494
45 494
53 579
53 581
54 594
54 595
57 624
59 651
60 655
60 664
61 670
63 690
65 710
65 715
66 723
66 728
66 730
67 733
68 746
71 777
73 802
74 808
74 808
74 811
74 812
74 817
76 832
76 840
78 854
79 866
79 870
81 887
81 893
82 896
85 935
86 943
87 953
87 956
88 962
88 963
89 974
89 981
90 985
90 988
93 1023
94 1029
94 1032
95 1045
97 1064
97 1065
97 1068
98 1071
98 1075
100 1091
100
0 6
0 9
0 15
1 17
1 21
1 23
2 44
7 123
8 150
10 176
10 178
10 178
11 187
11 190
13 226
14 246
15 264
16 278
17 292
21 360
22 373
23 405
25 424
25 438
26 448
30 511
30 512
31 525
31 527
31 539
32 544
34 581
35 602
35 602
36 614
37 640
38 654
39 674
40 680
41 697
41 704
42 718
42 723
44 750
44 756
45 764
45 776
46 782
46 784
47 801
47 805
47 805
49 834
52 893
53 896
54 927
55 939
56 951
56 956
57 973
58 981
58 982
58 989
59 1010
59 1013
60 1016
60 1024
64 1089
66 1119
66 1122
66 1126
67 1148
68 1159
69 1182
70 1190
72 1222
76 1294
77 1303
79 1341
81 1380
81 1384
83 1418
84 1434
85 1438
85 1445
87 1478
87 1479
88 1490
88 1500
88 1503
89 1514
92 1555
93 1583
94 1592
94 1594
96 1632
97 1643
98 1662
98 1664
100 1690
100
3 13
4 17
4 17
5 20
8 30
9 35
9 36
12 45
13 49
14 52
16 59
19 72
20 75
21 78
23 86
23 86
24 90
25 91
25 92
25 93
25 93
26 94
26 97
26 97
28 103
28 104
28 104
32 117
33 121
33 122
34 123
34 125
34 126
35 127
36 131
37 134
38 140
38 140
38 140
39 142
39 142
39 144
41 149
41 151
42 152
44 161
45 165
47 171
48 174
48 174
52 190
54 195
54 196
55 200
57 206
60 220
60 220
61 221
62 226
62 226
64 234
64 234
65 235
66 239
66 239
67 243
68 248
69 250
70 254
71 257
72 261
72 262
73 264
73 266
74 270
74 270
76 275
76 276
76 277
77 280
79 288
80 291
82 297
82 299
82 299
83 301
84 306
88 318
88 320
90 327
92 335
93 339
93 339
94 340
95 343
96 349
97 353
98 355
99 358
100 361
100
0 10
1 19
1 20
4 43
4 46
5 59
6 61
6 62
6 64
7 76
8 82
9 91
10 106
10 107
14 150
15 157
15 158
16 162
18 188
19 195
20 202
23 234
24 242
24 243
24 245
25 252
25 253
29 297
29 302
32 325
32 325
33 334
34 350
34 351
35 358
36 368
37 374
39 397
40 404
40 413
41 420
42 430
44 450
44 452
46 467
47 478
48 488
48 488
48 493
49 494
49 494
50 513
50 514
51 520
53 544
54 550
56 569
56 570
56 573
56 573
62 629
63 645
64 651
65 662
66 666
66 671
66 673
67 676
67 677
68 688
68 690
69 696
69 704
71 717
71 721
72 731
72 731
73 739
73 740
74 750
74 753
75 762
75 762
78 791
78 793
80 812
82 833
82 833
82 836
83 839
84 852
86 872
87 881
87 884
93 947
95 962
95 963
96 977
99 1000
99 1005
100
0 0
0 3
0 3
0 8
1 33
3 79
4 91
6 126
6 126
9 183
9 193
10 211
11 231
15 315
16 339
17 353
18 362
18 376
21 431
22 455
22 459
23 467
24 480
26 520
27 553
28 565
28 578
29 598
30 607
30 611
31 624
31 633
32 649
32 654
34 691
34 694
35 700
36 730
38 774
40 812
40 813
46 931
47 945
47 953
48 963
48 971
49 997
51 1027
51 1029
53 1061
53 1076
55 1102
55 1103
55 1118
56 1126
59 1189
60 1206
61 1220
62 1247
62 1254
64 1279
65 1314
66 1326
66 1328
66 1330
66 1331
67 1348
68 1362
68 1367
69 1385
70 1400
70 1406
70 1413
72 1439
72 1446
76 1535
79 1580
79 1593
80 1603
80 1603
81 1622
83 1672
85 1704
85 1709
85 1712
86 1719
86 1723
90 1808
91 1820
92 1850
94 1883
94 1891
94 1894
96 1924
96 1929
97 1945
98 1964
99 1981
99 1987
99 1993
100
2 45
3 64
4 79
5 98
6 112
6 115
6 115
7 131
8 136
8 136
8 150
9 157
13 233
15 269
18 320
19 327
19 327
19 336
19 337
20 341
20 343
20 345
23 404
24 418
24 420
24 422
26 453
27 467
30 519
32 548
34 578
37 626
37 627
37 637
40 688
40 693
41 704
42 712
42 721
43 736
43 740
44 754
44 759
48 817
52 888
53 913
54 925
54 930
55 943
55 944
57 972
58 987
59 1013
61 1034
61 1036
61 1040
61 1040
63 1070
63 1078
64 1086
64 1092
65 1102
65 1102
65 1103
65 1104
65 1106
66 1128
67 1144
70 1196
72 1222
73 1244
73 1248
74 1263
74 1268
75 1275
76 1289
77 1304
77 1308
77 1314
78 1321
78 1328
79 1338
79 1347
80 1356
81 1377
81 1384
81 1386
82 1394
84 1432
85 1442
89 1509
89 1516
90 1528
91 1544
91 1546
96 1628
96 1640
98 1658
98 1674
100 1691
100
0 6
1 16
1 28
2 33
2 34
2 43
3 51
3 51
5 75
5 82
5 84
6 102
7 109
7 117
9 137
10 155
11 166
11 173
14 215
15 229
16 245
16 248
17 264
18 274
22 337
23 348
23 349
23 349
24 358
24 364
25 372
25 376
26 391
27 404
27 404
28 418
28 419
28 420
29 441
30 442
34 504
34 509
35 527
38 573
39 578
40 595
40 596
41 605
41 608
43 643
43 647
44 649
44 653
44 656
46 680
47 704
48 709
48 709
50 746
51 759
51 759
55 817
57 843
57 843
58 862
58 865
60 885
61 911
62 916
64 947
64 950
65 960
65 968
67 999
68 1002
71 1048
72 1061
72 1069
73 1084
74 1098
75 1116
76 1121
76 1121
76 1128
77 1136
77 1136
77 1143
83 1235
84 1249
85 1261
86 1270
88 1301
89 1317
90 1327
92 1361
96 1425
96 1425
97 1430
97 1438
98 1446
100
0 6
1 19
2 41
2 41
4 60
4 70
6 91
8 121
8 122
8 130
8 133
11 169
11 172
12 188
14 224
17 259
17 260
19 286
21 317
21 322
21 324
22 343
23 356
23 358
24 368
25 381
25 383
26 390
26 396
27 406
27 409
28 427
30 459
30 461
34 512
34 519
35 529
36 541
37 562
39 586
39 592
40 613
41 616
41 623
43 653
45 680
47 708
47 709
47 719
48 731
50 751
50 757
51 767
52 780
52 786
53 801
56 849
57 863
57 866
60 910
60 911
63 956
63 959
65 980
66 993
66 996
68 1031
69 1044
70 1053
70 1057
72 1086
72 1087
74 1110
74 1122
75 1126
75 1136
80 1201
80 1209
80 1210
81 1226
82 1232
82 1236
82 1244
83 1248
83 1257
84 1264
85 1280
87 1314
88 1330
89 1336
89 1348
91 1376
95 1428
96 1448
96 1449
97 1461
98 1475
99 1491
99 1491
99 1495
100
0 4
0 6
1 16
1 17
2 18
3 28
3 28
4 37
6 60
10 95
12 115
14 129
14 131
15 135
15 140
17 158
18 162
20 185
21 190
23 210
28 256
28 258
29 262
29 263
29 265
29 268
29 269
33 302
34 306
34 307
35 321
36 328
36 330
38 347
38 347
39 357
41 376
43 390
43 394
45 412
45 413
45 413
46 419
47 427
47 428
50 455
51 467
52 470
53 483
56 507
56 512
57 521
58 526
58 527
59 535
60 542
60 545
61 549
61 549
63 567
63 570
64 576
65 590
66 598
66 598
67 604
69 629
70 635
71 646
72 650
73 657
74 668
75 675
75 679
76 691
79 713
79 713
79 718
80 722
82 741
83 752
84 756
85 766
85 771
86 777
86 780
87 785
87 787
88 795
88 800
91 819
92 828
93 840
94 848
94 850
94 852
95 858
95 861
98 886
99 893
