100
46 3 561 456707124
111 20 471 242 950 32 852 910 692 336 331 247 793 428 543 335 340 477 337 300 26 189 846 86 527 462 807 283 918 865 543 635 452 646 638 652 807 815 696 169 729 832 65 729 860 30
982 77 430 329 155 495 377 883 9 479 141 617 73 302 838 175 323 801 578 618 164 703 461 750 776 96 553 890 616 853 262 369 266 233 90 729 100 116 22 256 798 511 185 828 67 826
45 2 855 503008657
801 383 890 707 877 631 562 253 605 906 633 884 386 263 218 15 510 887 64 545 243 372 302 323 671 857 953 363 78 875 354 340 704 686 688 817 500 158 24 666 394 27 717 35 307
405 259 776 234 235 981 558 543 825 291 180 607 923 66 862 241 96 223 235 723 13 383 792 782 368 195 762 240 828 413 295 862 598 346 74 692 422 248 832 319 85 840 467 149 931
34 7 327 719951734
561 652 885 397 962 530 118 224 376 877 546 577 157 514 877 678 131 785 96 847 205 174 214 585 296 72 330 842 242 547 69 173 380 797
655 305 626 704 136 887 814 403 410 328 519 431 617 786 854 449 919 961 71 355 699 798 668 364 969 381 261 431 394 247 142 695 905 521
5 1 169 151276986
75 446 183 169 247
394 201 114 283 354
24 18 938 633049288
599 483 624 175 901 801 418 871 158 716 349 778 612 229 384 561 670 828 882 733 858 316 617 139
420 107 354 80 873 656 36 255 157 669 494 966 825 137 633 849 280 572 664 327 235 68 423 658
37 10 730 168681296
253 8 330 766 985 763 828 10 571 949 452 784 271 672 464 890 563 437 134 194 863 770 236 517 440 344 643 949 590 779 644 194 443 452 276 473 4
222 145 912 313 836 81 407 799 87 309 817 356 512 545 100 319 941 576 384 553 494 385 848 54 102 491 298 267 802 532 678 878 12 704 248 378 948
19 19 373 533663267
371 900 173 921 276 943 313 394 977 156 124 35 613 995 990 716 105 43 174
929 538 143 843 349 827 199 803 630 824 942 754 919 278 985 587 91 476 971
41 2 494 709638761
110 637 295 925 577 514 796 688 499 934 835 401 222 675 329 507 575 445 61 645 120 933 57 673 328 957 860 651 204 865 446 91 341 506 396 333 507 854 443 70 705
252 740 733 432 275 477 10 242 341 426 337 354 72 965 723 343 391 712 668 716 170 952 61 227 822 711 259 436 746 347 152 857 544 496 550 546 673 288 627 650 717
13 12 705 881915127
89 620 185 173 386 827 919 515 874 794 987 506 164
744 635 415 132 393 374 653 14 74 65 137 348 586
17 1 609 232396916
160 364 581 946 37 848 880 316 863 721 348 962 227 634 713 816 444
38 343 918 802 863 698 866 23 262 254 768 992 616 212 760 379 224
1 1 716 688031556
438
440
50 1 32767 1000000007
1 1 1 1 1 1 1 1 1 1 1 1 1 1 1 1 1 1 1 1 1 1 1 1 1 1 1 1 1 1 1 1 1 1 1 1 1 1 1 1 1 1 1 1 1 1 1 1 1 1
1 1 1 1 1 1 1 1 1 1 1 1 1 1 1 1 1 1 1 1 1 1 1 1 1 1 1 1 1 1 1 1 1 1 1 1 1 1 1 1 1 1 1 1 1 1 1 1 1 1
17 15 426 900719466
553 824 559 624 264 234 314 663 931 691 59 634 114 47 11 618 898
804 68 293 175 736 964 139 165 964 187 832 895 777 29 421 641 639
21 13 897 741644603
854 529 513 460 29 7 3 825 927 361 686 58 824 716 388 886 362 874 314 675 716
98 664 479 100 590 360 858 6 770 272 453 682 446 529 108 715 227 19 468 783 626
2 2 373 951395859
72 521
799 581
22 18 351 298376425
424 799 942 251 920 756 69 51 649 636 795 408 813 15 412 570 658 918 231 380 589 115
249 411 691 365 692 226 185 967 851 750 194 932 881 355 946 592 920 543 396 449 211 325
9 5 942 965571834
500 17 705 859 752 743 621 472 535
194 980 200 233 155 116 858 565 561
15 3 673 589701025
464 681 649 349 226 497 131 27 611 38 712 159 404 433 829
411 936 181 314 744 91 620 554 378 234 360 247 66 423 324
50 32 8 633297768
438 195 531 399 564 764 499 104 230 623 658 40 159 535 332 799 128 276 356 172 457 249 780 382 27 366 61 781 312 207 997 91 287 800 860 218 870 347 433 600 112 831 386 217 70 287 45 742 835 724
911 732 38 513 634 45 425 846 891 911 174 189 175 106 206 95 226 404 876 384 372 920 651 357 329 898 881 588 169 231 197 135 31 280 597 886 556 563 944 261 832 985 52 912 368 19 516 704 478 595
16 2 448 243775354
623 668 474 277 787 41 543 152 524 770 603 6 487 588 513 25
19 783 868 305 185 722 749 579 985 471 386 157 158 753 75 134
3 1 593 141213241
973 602 491
445 595 604
24 16 75 177933560
717 510 782 334 464 328 401 157 480 303 98 978 942 870 305 560 694 318 333 788 425 45 316 297
807 261 478 884 422 372 989 379 863 302 788 815 127 588 668 786 758 939 965 302 605 444 504 873
9 1 673 194944763
260 245 174 717 907 203 182 397 755
111 794 584 278 808 40 421 943 12
16 13 486 12333883
470 102 362 287 491 889 100 129 255 453 78 204 229 670 333 198
855 498 71 53 970 896 951 961 956 536 3 518 55 961 352 447
21 5 450 204270777
327 303 654 363 962 659 665 695 508 564 339 546 201 656 10 286 118 147 877 908 728
827 580 185 512 959 692 878 600 299 799 82 341 582 562 189 268 893 480 686 265 550
2 1 5 11
1 2
3 4
50 50 100000 1000000007
100000 100000 100000 100000 100000 100000 100000 100000 100000 100000 100000 100000 100000 100000 100000 100000 100000 100000 100000 100000 100000 100000 100000 100000 100000 100000 100000 100000 100000 100000 100000 100000 100000 100000 100000 100000 100000 100000 100000 100000 100000 100000 100000 100000 100000 100000 100000 100000 100000 100000
100000 100000 100000 100000 100000 100000 100000 100000 100000 100000 100000 100000 100000 100000 100000 100000 100000 100000 100000 100000 100000 100000 100000 100000 100000 100000 100000 100000 100000 100000 100000 100000 100000 100000 100000 100000 100000 100000 100000 100000 100000 100000 100000 100000 100000 100000 100000 100000 100000 100000
36 19 551 924828420
375 644 605 592 800 218 87 741 142 650 541 432 400 386 785 396 739 66 920 527 542 209 387 272 860 76 330 947 228 275 406 786 759 628 316 163
449 440 945 821 500 433 612 415 227 480 509 204 933 970 835 572 373 645 301 317 89 458 228 146 984 894 666 794 626 224 939 824 986 7 846 185
33 3 729 67339940
805 150 396 126 360 803 110 367 332 938 279 434 704 738 153 552 828 967 419 325 958 588 555 632 419 991 192 682 188 809 81 872 273
435 868 404 508 67 823 619 813 237 199 560 429 242 872 222 183 925 923 399 208 194 246 263 87 52 25 412 211 995 869 811 47 695
43 1 371 989807191
669 255 611 915 927 409 308 302 869 755 490 178 803 200 161 398 336 671 752 512 78 615 906 227 817 147 841 391 403 974 790 888 861 479 674 12 670 872 948 570 76 642 51
607 608 728 826 319 466 722 17 326 453 112 748 573 820 279 449 689 836 505 752 508 159 993 969 584 78 763 767 371 625 593 338 709 190 752 474 405 646 11 803 662 540 204
8 8 893 562107980
901 92 808 177 866 154 939 285
555 14 442 247 272 546 757 303
36 18 750 555776759
484 688 505 325 268 823 921 80 188 3 814 45 415 689 313 105 957 313 81 981 30 170 514 193 212 190 256 902 190 278 794 891 638 267 480 492
488 860 697 561 130 546 426 600 406 397 575 898 48 678 811 633 88 83 792 500 181 870 618 65 464 432 106 422 935 690 726 658 515 987 763 550
47 26 688 177586377
330 492 874 612 923 845 300 913 51 526 393 234 465 125 651 752 617 695 18 721 744 210 70 270 105 349 777 420 10 41 294 655 160 707 643 155 344 932 648 23 693 838 111 605 309 801 704
505 982 916 373 213 220 56 936 354 978 176 878 481 713 449 526 184 332 301 83 78 400 158 303 110 368 508 197 650 670 890 1 486 186 330 472 95 659 554 802 456 498 402 894 311 344 873
5 4 748 932661134
106 624 400 79 409
311 414 242 619 122
5 4 655 585266255
946 191 973 126 609
323 411 2 473 586
41 25 975 609843559
403 819 91 710 975 742 977 306 787 665 504 938 876 948 413 987 257 761 555 166 673 229 660 365 420 199 647 320 152 874 49 668 767 529 456 514 967 395 557 990 236
696 881 20 731 626 179 597 516 535 371 117 294 832 916 236 995 929 734 672 458 346 321 392 828 957 772 919 655 468 553 311 385 530 222 977 215 275 528 35 585 90
16 2 721 874125026
276 102 681 686 256 581 85 824 31 298 660 353 860 666 749 120
45 468 285 215 692 52 446 750 71 293 328 185 984 6 520 458
36 31 364 435888443
778 812 245 560 654 859 461 976 170 369 900 260 535 364 979 750 962 369 131 79 357 10 562 837 72 926 255 978 456 946 659 641 83 911 526 52
886 423 492 642 497 514 255 166 219 699 146 906 815 306 985 789 768 291 813 673 121 633 867 497 703 767 406 772 272 658 677 597 923 644 272 669
37 3 197 669233982
329 891 835 808 798 64 480 280 125 721 207 224 491 546 974 701 610 261 87 261 644 298 129 825 869 253 357 589 962 552 607 591 6 273 788 415 531
970 582 111 676 1000 822 989 43 132 517 41 243 944 885 584 239 712 505 119 290 47 752 62 553 692 48 350 866 793 82 457 495 885 645 596 204 206
10 2 95 140628719
534 773 523 107 576 830 330 951 896 193
526 758 280 454 221 106 580 803 855 127
3 3 718 840167224
937 42 505
606 601 500
32 32 741 361789982
11 979 169 265 675 200 975 228 913 855 418 433 61 782 947 810 854 628 214 776 670 348 874 171 520 130 648 503 344 679 273 49
912 233 614 436 535 625 788 512 757 930 610 946 662 318 205 47 64 940 225 892 220 685 219 199 887 927 424 642 308 131 997 658
19 11 631 651918500
927 213 81 869 55 676 81 633 998 431 475 992 602 330 615 375 174 803 65
610 190 371 250 635 346 946 7 424 605 318 661 195 894 427 172 75 396 482
50 20 67818 1000000007
50014 43656 74347 62788 84775 95383 22022 71694 28345 47493 87788 96141 12719 94062 65716 23678 73616 22755 2775 95678 2898 57097 23934 2483 24192 95172 64099 53367 73211 76225 9277 25013 72717 27587 44434 96112 73905 43685 46810 13718 65847 62011 83339 34418 38780 62483 63605 13473 19729 92997
90962 87416 56738 21022 24133 97509 69060 99534 84769 75556 74873 13273 63463 90844 21736 35615 15374 96861 34761 17933 55707 92628 24098 20525 79186 6802 89929 82499 65820 45462 77868 41609 39987 24855 58807 65382 3070 22376 42967 26445 12873 55292 48666 32873 38601 31746 57925 89339 22825 45262
28 17 463 448071013
303 946 750 181 76 457 313 337 961 732 820 888 404 785 469 290 724 651 695 702 776 261 589 98 183 227 942 580
749 208 540 551 179 821 483 670 808 472 721 304 544 318 198 616 32 202 808 247 119 185 783 352 840 787 383 178
6 5 446 86751345
943 544 394 148 290 628
736 411 741 889 321 765
38 35 344 195580013
775 175 718 591 727 385 587 794 124 700 301 361 741 894 376 847 537 432 342 110 220 324 983 225 211 5 571 71 920 13 139 366 472 35 480 306 423 952
308 26 9 253 654 112 351 406 862 683 483 776 134 589 375 228 961 321 964 684 4 200 551 322 553 787 641 882 110 517 16 482 124 98 954 535 734 729
41 9 119 411522083
835 931 62 878 407 925 603 810 950 537 350 549 262 103 914 325 38 248 999 953 888 867 721 414 1 438 918 273 26 260 374 105 291 230 418 3 499 373 583 613 763
172 563 586 611 376 499 670 978 565 761 557 494 364 393 498 207 272 591 21 777 749 698 269 331 436 488 374 398 823 615 971 558 835 681 85 404 698 553 693 25 569
37 19 647 651083963
870 371 845 982 320 7 564 574 162 268 637 888 82 543 84 787 375 544 421 269 453 973 897 522 644 775 584 681 670 621 744 20 247 54 698 67 24
147 90 400 23 214 455 286 353 727 939 109 634 286 931 157 457 331 715 332 34 236 850 773 572 738 340 632 378 428 135 893 343 67 404 946 19 147
49 45 542 942176283
244 971 376 985 123 361 722 199 873 320 114 989 265 611 587 21 158 523 477 595 646 539 458 816 943 95 633 805 744 362 690 928 90 762 650 713 788 726 686 313 529 480 444 400 615 733 547 432 995
350 530 61 800 721 903 836 36 359 185 663 116 78 645 79 871 495 341 550 238 144 881 503 771 674 368 69 649 326 479 627 9 408 742 651 257 219 686 516 507 429 116 226 484 449 606 893 897 880
44 20 539 135727959
447 378 923 925 484 459 975 262 412 488 923 503 574 744 42 124 581 132 571 973 486 545 672 796 162 614 346 924 239 819 618 442 912 542 831 631 994 478 334 367 799 75 293 130
153 510 672 86 881 243 934 546 854 53 842 286 928 433 936 301 427 627 993 657 641 636 249 270 124 463 901 423 124 253 859 676 661 685 531 351 520 36 218 105 330 452 725 377
34 34 227 390571436
814 722 218 151 943 980 540 529 22 201 869 317 452 205 557 498 880 39 1 25 694 975 972 644 49 640 293 582 106 374 685 357 347 45
972 292 75 600 95 480 842 796 633 118 8 313 915 782 610 580 81 49 34 568 795 619 517 20 887 494 639 901 45 450 861 302 22 109
28 20 909 126515121
538 348 497 350 367 300 352 823 850 202 404 156 781 100 370 722 879 3 771 948 27 161 285 398 227 506 94 813
137 829 625 116 276 586 952 852 682 386 452 535 283 625 81 305 333 954 549 497 45 990 714 259 5 931 686 871
4 1 884 129369830
240 835 961 100
89 825 986 899
41 34 810 207462889
116 150 653 559 861 270 565 279 98 26 185 264 507 211 186 970 900 178 164 654 705 407 582 195 620 327 735 510 132 451 441 674 844 533 690 280 594 391 316 613 777
30 243 322 988 394 266 36 876 903 955 76 179 458 104 449 492 695 589 20 664 346 673 95 116 290 217 20 306 699 725 666 502 145 489 831 173 224 271 839 495 898
47 6 643 149650837
243 645 675 725 950 686 939 237 895 363 479 6 287 575 231 399 277 326 599 519 436 399 717 652 815 409 900 913 772 780 602 473 282 236 958 782 384 664 743 334 621 189 14 259 790 294 463
202 322 172 395 258 879 433 83 550 540 247 371 220 717 802 131 850 299 416 333 542 909 678 764 416 31 136 757 705 251 31 365 986 467 620 796 945 70 99 465 368 523 497 349 993 891 559
39 25 467 490503278
934 982 275 904 669 507 859 770 752 347 26 85 410 861 235 434 302 400 519 431 948 996 217 39 778 742 880 33 416 840 560 978 353 418 539 196 676 806 818
429 939 933 713 563 716 672 966 485 750 838 284 145 695 541 456 898 438 644 854 590 14 88 968 855 209 716 955 854 384 987 490 554 890 687 498 708 876 951
50 46 98271 1000000007
62647 44719 27407 79848 62909 19573 76274 95003 51703 13310 9380 86808 81984 41663 46060 39623 72808 18006 45174 94528 34806 52776 16782 90067 40752 31242 54910 71551 37206 12025 93742 29719 88927 54840 78970 11782 83370 20720 98767 3160 4929 72728 18256 21715 18680 68085 53547 93172 56164 68697
33331 58864 33418 11532 68800 28159 14113 48460 80441 93787 36852 75687 39262 93596 33997 33702 53627 22160 54998 63641 13218 90115 67559 14739 20375 69528 65456 53046 23494 89703 53520 27467 9228 99669 83272 41209 48384 19635 57222 19463 71298 72492 47201 53869 3975 92516 75952 66707 70948 97035
50 25 93456 1000000007
50 49 48 47 46 45 44 43 42 41 40 39 38 37 36 35 34 33 32 31 30 29 28 27 26 25 24 23 22 21 20 19 18 17 16 15 14 13 12 11 10 9 8 7 6 5 4 3 2 1
50 49 48 47 46 45 44 43 42 41 40 39 38 37 36 35 34 33 32 31 30 29 28 27 26 25 24 23 22 21 20 19 18 17 16 15 14 13 12 11 10 9 8 7 6 5 4 3 2 1
14 2 254 773882661
969 590 644 94 462 890 886 589 2 935 345 803 637 66
781 325 537 931 362 163 51 854 578 730 861 537 559 163
44 18 52 486521030
275 922 52 785 763 433 612 343 826 959 986 197 864 693 401 487 148 279 289 111 653 100 828 314 299 701 981 141 220 773 945 977 549 596 686 467 743 593 176 748 80 217 191 713
977 736 882 206 576 432 314 235 19 551 724 873 358 665 304 942 748 256 563 299 885 623 681 566 627 733 733 699 482 284 277 587 683 128 132 326 308 250 652 823 905 839 970 140
50 47 78162 1000000007
47675 27684 91216 17461 34010 25922 55383 55850 39765 38469 40852 13366 94855 87652 62081 54930 38615 56630 68726 1106 47485 27361 74728 4665 32859 34727 82353 12106 52215 28924 73958 5645 29832 6892 32844 34668 40376 21651 57272 73957 50513 54188 89085 21603 39483 82919 2519 73292 86924 69413
81833 44317 18220 81729 62363 77512 58317 90114 48943 81365 18013 79992 63223 29084 71368 41477 28194 27794 98474 51734 805 90903 4155 70052 44587 18158 91094 24360 48144 22660 13649 12480 41570 21542 73910 68262 7861 48793 66750 9140 38430 65951 3173 3534 9609 26709 86302 88718 94630 61763
40 5 65 459745363
456 863 195 121 142 643 217 961 634 600 854 865 244 233 226 220 29 25 621 867 409 320 500 426 888 504 551 711 407 835 242 269 255 236 957 601 559 141 254 446
581 159 87 908 332 899 595 529 770 118 676 501 437 748 810 53 845 596 766 296 605 282 688 731 879 592 997 372 455 741 249 503 838 785 498 993 785 424 527 422
50 28 4254 1000000007
4607 90628 97736 52378 38938 85899 36207 66854 72863 72099 22260 8561 10656 76107 24046 42058 74099 63624 4661 87503 78578 17642 28084 71950 88390 47870 74106 53424 52374 25037 96898 91189 8667 14213 27224 92213 40495 46616 40452 3363 32926 68155 91439 42757 69334 1954 7018 43545 20813 89609
43181 83140 53990 86065 17817 41487 64382 81122 55087 772 31884 99336 76773 73171 65258 96141 2897 44204 82197 58928 76195 84384 64619 98680 61264 8174 47386 40792 93889 86628 3847 8102 68918 36990 39347 73213 90349 51161 87840 25834 21185 93389 24378 91916 12858 29804 66104 8851 47431 54775
15 8 9 97665435
738 922 833 287 666 864 58 525 952 809 242 849 552 330 449
274 666 900 307 333 504 30 42 895 178 355 622 734 950 627
18 6 439 147843396
187 885 204 287 652 598 836 203 144 419 698 663 502 665 863 608 225 81
64 340 365 333 74 186 506 3 659 258 542 820 782 856 414 308 883 522
22 19 286 675918205
646 902 269 702 843 636 113 173 811 516 116 954 581 623 625 672 67 149 515 254 423 311
639 321 453 789 476 403 379 252 49 595 317 653 426 397 889 198 894 959 156 361 133 11
28 21 389 877807775
729 956 928 96 187 4 594 498 148 337 273 48 329 960 353 614 637 278 175 844 372 832 842 483 963 624 715 417
142 853 532 817 423 466 141 858 456 739 460 580 321 616 884 689 748 880 818 70 741 691 897 344 831 90 656 103
36 18 775 584954629
831 234 835 726 374 534 278 506 973 308 516 151 449 325 227 272 471 230 448 965 541 361 642 546 695 656 837 404 846 480 763 39 366 535 593 62
687 915 78 327 544 978 190 655 746 740 988 886 654 660 80 403 640 717 841 142 555 336 399 284 6 955 442 708 786 329 290 203 837 211 141 700
16 12 351 485566162
328 284 129 938 657 156 954 461 95 223 584 155 722 1 388 601
85 604 986 317 317 127 981 306 985 613 354 519 507 961 88 315
17 2 651 299588341
393 932 795 525 540 256 924 942 911 259 671 48 365 958 791 436 524
933 864 741 313 986 917 858 711 899 854 906 501 371 739 193 421 434
37 37 84 727655569
939 705 667 672 62 875 30 287 92 52 207 146 837 898 249 902 201 518 659 393 989 41 16 617 586 796 494 71 825 793 297 227 482 369 514 546 370
605 118 99 797 488 286 225 917 386 527 632 133 17 104 267 826 56 933 580 858 812 836 420 325 174 893 568 561 745 249 24 171 476 610 95 474 170
31 16 935 926759049
273 968 804 973 745 643 841 511 266 996 501 970 826 142 503 645 995 893 529 419 659 622 883 809 255 245 104 484 912 857 95
253 907 79 459 67 263 5 214 779 563 941 526 609 165 575 477 269 812 967 865 828 120 700 97 319 690 215 677 364 272 46
33 21 125 886228074
967 618 74 601 437 138 140 152 412 410 492 656 318 289 5 613 897 62 10 528 990 59 913 635 637 585 279 668 293 973 957 846 507
44 921 115 942 949 924 192 227 95 392 946 409 343 552 73 647 829 791 423 119 40 395 86 839 262 970 791 705 875 574 397 235 35
3 3 949 93193064
179 65 22
985 721 518
35 15 317 891522140
55 662 317 801 82 395 165 215 50 929 137 771 95 592 737 415 956 691 734 971 882 673 300 573 989 198 570 539 933 680 553 193 31 506 79
875 99 694 939 209 569 605 966 670 665 325 595 473 83 61 379 353 776 719 599 926 238 801 974 132 786 65 707 627 298 518 964 265 976 37
5 4 289 10387797
193 76 173 522 645
340 851 72 629 581
4 1 336 723846225
514 20 180 991
530 269 508 6
3 2 1 127
3 2 1
1 3 2
28 26 661 968194598
461 429 52 214 291 38 848 117 509 957 248 631 499 165 138 637 291 940 714 794 284 931 333 941 804 37 334 485
290 581 187 242 875 805 130 114 243 339 490 369 342 119 557 890 885 653 430 661 367 375 604 831 790 470 880 494
50 39 45661 1000000007
154 45066 93027 85296 99542 53936 57912 22555 48241 72452 62925 95347 74230 13965 18304 65995 8028 5714 86906 3230 73044 74586 97973 61943 86201 51828 90543 43805 73629 60289 33784 53438 54893 98802 77165 51424 63879 78569 68176 40768 46804 43323 37244 59312 1930 23644 48404 72990 9424 82976
88105 75794 46809 99116 14171 228 19739 5993 19306 66202 26622 63496 62625 50168 86551 44292 32094 64606 83822 41492 35716 19678 52505 13111 63317 4697 94745 12226 65549 87882 12631 98797 62525 61709 81893 12295 27364 36757 3742 42501 57544 64635 67111 73965 71025 35534 1211 87862 37696 35886
11 4 355 403589234
806 973 726 977 51 587 853 545 455 962 598
261 735 430 592 982 937 323 805 468 532 794
32 19 374 508638147
343 623 171 386 584 863 839 171 895 970 666 914 749 239 498 73 183 819 608 34 317 6 280 904 543 271 74 70 702 955 650 205
784 780 473 478 828 252 518 135 616 514 486 724 193 674 487 508 663 910 699 961 771 724 667 566 131 255 34 375 477 163 160 924
10 4 126 180021837
257 347 292 764 872 863 515 637 478 337
205 488 184 692 683 724 11 79 347 817
3 2 703 36389829
256 554 173
594 931 511
29 23 933 479369685
672 61 480 38 790 752 692 457 883 940 238 477 264 19 284 657 726 179 117 33 615 235 402 285 764 790 826 328 377
375 913 101 205 884 901 449 156 298 600 780 365 242 793 341 832 872 270 465 282 206 818 953 599 296 102 456 395 996
27 20 441 564025029
966 445 476 695 392 618 862 167 458 233 451 553 433 509 801 745 60 231 29 417 401 311 358 259 201 703 489
62 585 58 900 606 277 857 86 247 240 624 459 667 199 6 930 19 409 696 717 427 686 635 449 676 379 581
21 20 354 85105940
872 850 48 913 839 40 745 350 472 100 473 490 347 162 200 414 748 365 405 532 373
600 482 287 772 192 536 654 520 65 361 2 493 450 58 134 829 384 633 890 42 1
5 5 205 268284188
857 888 179 728 736
176 807 991 101 603
10 3 291 214904798
153 367 548 577 749 840 67 678 591 854
909 746 439 288 890 490 239 856 509 164
13 3 361 966542747
342 950 980 304 88 970 530 752 692 498 864 452 764
776 482 588 53 574 478 138 161 958 922 407 879 254
25 15 273 66551609
217 396 782 824 589 382 335 739 789 268 208 203 24 174 918 672 527 311 305 771 11 37 799 989 232
86 276 399 507 114 172 474 101 504 330 660 122 495 276 397 692 830 428 115 505 747 643 75 911 697
1 1 1 5
1
1
17 16 805 66588764
882 362 514 901 957 818 308 560 412 869 978 208 859 413 378 92 579
25 732 428 714 17 100 839 207 959 38 274 747 540 513 778 736 892
5 3 549 869438173
617 651 387 173 677
107 474 11 182 695
45 19 452 590068003
996 126 708 329 791 390 964 907 807 398 513 154 218 497 39 371 836 129 441 668 204 129 83 726 447 374 682 69 302 412 464 242 86 216 659 624 656 937 438 586 388 330 490 261 592
147 827 26 476 556 235 966 933 413 763 927 395 797 166 975 672 37 844 986 684 297 492 642 442 283 232 250 534 758 985 471 281 645 324 352 554 816 234 260 418 453 537 73 707 933
24 2 798 167024785
287 187 223 601 900 847 554 261 432 513 184 915 300 253 427 595 715 462 298 537 820 373 899 803
475 942 681 819 843 504 256 838 943 390 582 791 266 377 531 17 457 879 723 832 420 427 371 285
38 13 137 808695761
685 504 883 543 302 834 743 294 91 456 633 685 277 652 79 243 460 772 473 421 644 265 484 217 490 309 258 254 948 326 896 94 859 135 635 327 641 16
866 679 348 104 303 390 460 160 997 212 585 906 348 965 720 863 948 235 752 458 443 628 729 495 501 499 451 519 739 243 888 532 673 209 733 839 860 880
3 3 844 839123963
486 216 670
192 176 12
47 2 46 59890691
842 148 180 712 208 665 728 120 696 208 253 629 592 26 974 25 290 183 263 8 694 902 520 87 24 403 616 336 889 252 137 73 242 599 784 376 529 481 658 28 128 689 346 938 856 303 365
182 502 670 556 726 218 109 896 763 99 505 669 648 24 925 145 14 547 806 197 871 617 835 610 792 113 862 4 918 580 141 798 635 794 940 507 980 804 83 570 913 34 419 939 269 759 560
