100

5 6 7
9281 5857 4253 2341 6451
8693 5381 4813 9283 3559 521
5839 5507 6007 6679 8191 1129 5939
10
54413467 29891683
28189741 4267511
41935211 8372047
7681901 10706323
2552257 7541011
20350313 4267511
11267233 51627727
21731503 44075771
76944503 54332501
86155523 4267511

3 2 8
9165 2177 1043
8911 6134
753 2614 5224 2530 6835 2786 4972 9676
10
6397762 24826046
3426379 34804224
14452656 24873378
2819728 1667582
13353718 22544830
9294173 4618902
56218110 23293354
37007025 9171288
13353718 23293354
8712412 36652770

2 6 4
6480 5182
7409 4124 2380 8095 3898 8157
4019 827 4978 1019
10
52857360 7549771
22695916 1882816
26723520 36882002
41948290 15666062
20199436 4202356
52577352 12177000
2267682 41650728
6885648 30636480
1431858 44275605
52455600 6745839

6 2 7
1483 7349 1601 4967 1931 4561
3947 8329
3727 9403 8543 9419 5297 3221 9013
10
5817079 23246929
29964457 45220393
29889763 24609821
40055011 2647901
18002267 78317587
57988103 5604197
37988569 20907259
7621657 75069277
12351907 33719221
18002267 31042183

4 4 8
7814 5890 7101 2332
8350 1109 1035 4202
6963 7010 6370 1087 1818 7597 4381 5149
10
14092280 5008330
49181500 4534335
2413620 63434950
8087490 4567574
13064812 4598250
5768180 30584690
65246900 7255350
219700 41832728
59293350 21636098
399196 8618995

1 2 3
5
4 6
3 5 7
2
1 1
5 2

5 6 6
7982 6508 8252 9560 5870
5432 8327 2682 237 2065 6562
1939 7852 9481 3448 8617 7946
10
44824864 65383604
54149624 2246997
13439020 46807544
76128219 5391090
11280116 12342528
14500798 29671980
36685803 65084932
12121550 16146053
19741400 459543
1431115 79173710

10 4 1
9437 510 4305 6091 7037 3747 1776 3200 4382 6139
3310 7319 6274 17
8632
10
32071858 54157168
12402570 146744
22923576 478800
11395098 61518816
51503803 54157168
119629 54157168
598842 314833
55548416 47825216
7614285 1311178
104363 54157168

4 5 8
3559 7207 7457 4861
7283 3929 109 5573 2267
1117 7507 1171 7079 5 4409 3539 7477
10
387931 19645
36365551 57912479
3531527 4746331
13549 26167027
20158217 6025807
54309331 17322961
529849 6525983
53530079 11122751
29298553 17018369
16905019 32110747

7 7 9
1409 3853 5801 1831 4759 3967 3251
2927 6827 9929 7307 601 4789 6949
3701 859 5717 13 3407 8081 2273 1163 7727
10
42387907 5569607
23743991 22812961
6460159 1727549
12723619 1366073
29646959 1590763
26774497 6276713
33070291 6653071
13989961 38051
26293957 4471963
23773219 1387709

10 10 10
3413 1949 2333 2347 59 6323 2447 9059 8647 4567
8233 1399 8191 2437 2609 9391 9439 7951 1367 5783
5009 2671 811 571 4931 971 4877 3499 4051 8753
10
21909203 1327357
11271067 47039519
11722021 40437317
554069 12206933
586031 35035519
21909203 12724093
16046117 39826559
13365293 37260031
19683689 645247
29781029 58531703

1000 1000 1000
8647 9151 1613 163 5297 2251 9739 1879 167 1723 4079 2887 4211 7643 97 3607 3301 3061 2141 6691 4283 6203 9371 4451 5813 6353 6047 5393 6949 4007 9803 6211 8009 8761 9221 947 881 2459 6491 9059 5987 1123 6709 9887 7333 3209 4021 6803 3571 2161 6703 6481 7307 6221 6577 7019 1901 3673 1429 3109 3527 1321 1381 2389 3917 6089 7193 7043 2791 6269 6763 7993 6701 193 5399 4397 7103 1553 1069 1907 1249 3391 8839 8431 4091 2273 8101 41 1117 2927 5939 5519 9859 6857 6287 6199 6829 4253 7237 7151 3389 1931 4363 7253 7507 9623 3361 953 757 8971 2731 5237 6791 9283 4993 4957 2333 6637 8713 2027 5843 1619 9629 8521 73 6311 7477 3617 373 31 1861 1097 827 4903 8599 4139 9973 9769 6733 5021 3671 2113 607 9479 4967 859 1307 7649 523 3331 617 1997 3229 2063 1667 839 2659 5119 7741 6367 1709 6323 1013 6121 8273 8663 4877 2129 991 9497 5059 3631 367 983 4463 3919 1801 4909 103 6337 1933 1733 6599 9161 7537 3313 349 4019 5557 6959 9173 1091 6781 7459 113 5381 3163 4483 4597 9413 2617 7529 577 4951 3929 5003 8719 317 7411 2657 4969 9901 8753 3803 9091 197 4259 101 3469 307 6871 8807 5441 9649 7001 8543 5741 6779 6053 6679 2011 2377 7687 1289 4889 7207 659 227 5023 3761 9209 9749 6397 2521 4049 181 8233 7247 5477 359 2711 5861 3169 5651 6761 5737 8783 1439 7109 3467 6863 2473 4289 5189 6991 4729 769 4447 3989 3733 1283 1663 1583 7549 313 2423 3187 7919 3011 107 3911 3083 251 419 3 2221 2039 503 6277 2551 3271 1571 9949 6101 9277 7559 449 3881 8513 5801 6343 2917 2663 7283 6011 2531 8969 9343 8699 1039 6217 883 5503 4513 1511 3167 7927 2897 2851 8011 9397 6449 2557 8887 271 8867 5039 1009 4943 5573 5227 3943 443 6547 1319 9439 3581 2687 9391 887 5839 9689 2693 5351 4751 2843 5419 4339 8419 3041 8929 3701 7757 997 4441 8039 1831 9613 337 7121 9187 6827 1213 5827 5507 157 2963 43 8297 6143 3119 29 5153 6911 5743 3623 7369 199 131 7517 6833 2287 7177 281 2383 9203 4423 4157 5897 5869 3037 9311 7069 691 9829 2309 1217 563 4787 3019 7349 4603 431 4133 829 1093 4651 491 5231 7867 47 59 3779 1973 6079 3449 3181 2819 2777 719 3853 9241 3217 7669 569 5903 7213 2539 8081 6823 2719 3413 5501 941 9337 8819 2677 5437 2357 6451 2053 9421 857 6551 9257 1303 9473 8677 7159 571 6793 1913 4127 8641 9157 4663 4547 7219 7621 3461 3221 547 2467 1579 6091 9293 1847 5483 71 6967 5099 1609 4793 7393 9127 1063 6529 2399 1181 4931 907 8999 2713 4733 149 8573 3433 9839 9643 6983 9721 8941 9539 9133 2281 9811 1231 223 4637 2437 6173 9433 7907 1033 613 1171 9281 3049 1 2371 383 7039 787 7451 9431 2671 9043 3847 3089 9007 647 5309 9587 7607 179 823 3511 2111 83 8117 7127 5233 5347 8219 8317 8779 2341 2017 347 1489 4639 5683 1163 4691 4523 467 1753 877 9931 2797 109 8963 4583 8623 7703 257 9787 79 239 9547 4271 7901 1601 2609 8609 11 6659 7753 1453 1373 2347 1607 6247 1259 1493 6073 13 7933 1637 6113 2203 1201 5521 5693 2137 971 6661 293 8167 7639 9661 2789 3659 5881 8123 1987 8059 8111 3259 8597 8461 3889 8087 1567 4799 5653 9323 4073 6689 191 4813 4673 1433 9743 5623 739 5323 3517 7433 487 5791 2411 4919 4201 821 463 7949 7487 6883 1451 5923 1597 5471 5657 2903 9463 8269 1153 2633 5659 8231 7309 9029 9511 8237 653 6133 9049 5647 1277 6229 743 631 2879 2243 727 5431 2029 4567 9697 7583 7841 677 2089 6553 6361 853 5717 2381 3797 6977 2417 499 433 5209 863 6997 977 67 2593 3023 3643 3877 5807 3947 7079 9041 773 4409 3541 4481 9631 7603 2857 4003 541 1409 7817 2543 4861 8053 1873 2351 2213 2753 6317 3343 3359 3001 1291 4937 3533 7457 1787 19 277 5857 5113 1187 5167 9857 9013 4621 17 9349 6571 2179 4093 4591 5783 7759 3769 619 8387 6151 353 6043 8191 7591 5879 7027 9001 61 2003 8221 7129 3529 5591 7853 4327 4099 4457 6427 479 9521 8209 3697 3691 6379 1427 7963 6271 4057 1979 7489 5009 4643 139 151 4421 1523 7573 7561 1889 1423 6737 9467 9437 1297 4517 4721 1031 9929 8093 5581 8629 1867 9679 4001 9227 4817 701 6719 9967 1531 3559 7243 643 2953 4337 2153 5851 3251 137 8017 599 1559 2293 9319 4129 9733 7873 2647 6421 5443 1549 1447 4657 2099 5669 3583 9871 1229 2707 6653 7523 8161 9199 2909 9067 5101 4783 6521 2087 3677 3539 4759 6917 811 7229 5051 8377 5449 521 5527 4549 4111 1789 6263 3793 2339 4241 7937 2767 4723 2447 2 3491 5531 6067 929 1471 3557 8537 1741 1483 1543 8329 6163 6947 8681 2999 6607 4561 8389 5821 4801 1721 2311 8861 2939 5387 5981 8291 5077 7013 1811 4231 2143 797 7951 3499 2621 6037 2861 8501 7877 1361 4027 6301 733 5279 937 8933 4297 6007 2957 4013 911 5779 1223 7673 673 2741 4373 2393 4273 2699 1693 4349 3613 311 8627 9923 7057 1627 5147 7 397 3593 2729 263 6569 89 9239 127 4871 1877 4789 8147 9341 9677 8363 9403 4217 8669 5081 421 4679 8837 5749 9377 9109 6907 1823 8863 1327 7879 1993 5407 6197 439 3323 1481 9719 1193 1021 8243 7699 2803 7727 7187 2239 1151 5261 4159 2441 587 1399 53 8179 8293 8527 3463 8443 509 2083 8737 6029 3767 4987 1019 3347 8747 4219 1049 9419 8581 6389 409
9923 1319 3793 4159 251 5557 8741 4729 3541 7577 3659 1489 3217 3347 1993 2341 9133 1307 2833 9479 8287 1871 5087 1627 4679 7309 953 9319 6133 1531 2203 8081 9539 7001 1601 5113 9473 359 2447 3079 8243 6791 8737 1657 3797 4157 4463 3001 6029 1223 6043 4357 3467 1493 149 1997 9461 1201 1427 6577 4007 661 6151 1423 6011 4999 997 6653 8231 8111 4951 8731 6829 569 2671 9043 1 1129 491 9697 7867 1289 3 3389 4079 4513 5297 3463 1471 3049 4457 1361 8623 6899 2939 1229 8837 197 811 1783 863 7411 7079 193 1823 3989 7109 1571 2081 9011 1583 6053 3191 5023 7351 1789 1913 5501 7069 773 347 7699 7673 5101 6563 9619 5507 7823 4793 6827 8941 5581 6317 8093 4889 3593 151 6197 5261 103 5651 6113 853 1237 257 8933 2803 3863 6659 881 9883 6907 601 5431 8467 9431 5903 7417 6841 7477 3271 2011 4663 7103 1279 2609 4219 4799 9029 829 9769 3623 2879 3089 6353 7717 6473 3557 1741 6719 5623 6343 6691 6863 4229 9677 2693 1283 2903 8039 4273 1069 6947 9949 9323 7621 5701 4421 7127 9587 4201 2713 8311 4759 6781 6173 9437 6449 2593 3067 941 9257 4567 7919 9887 3881 7883 937 3299 2039 349 401 5641 5639 3137 2063 7207 8117 5347 3011 5807 5441 5987 5981 8819 617 9901 113 8147 1291 71 2221 2683 4327 9781 1153 431 2549 1087 883 6701 571 379 409 2861 7879 1861 2017 9091 2749 8779 5099 9787 8161 9013 2897 9973 3673 2213 7013 1303 2027 1777 5351 8753 3229 191 7681 647 8963 5119 6101 4253 9103 3163 8501 6427 9173 7507 97 9161 1481 6823 4817 2111 1747 7541 7963 7723 6287 9203 5417 3967 4243 4493 1109 9421 7211 4099 6091 8237 6203 6263 683 6469 8747 9439 3181 8783 9049 1609 1367 4603 9857 2963 4363 4517 2143 5273 2423 8969 5483 6311 2699 5059 2243 3041 613 1039 5653 2999 7583 4789 8053 9601 701 6959 5503 983 4967 2677 1373 4751 2083 8167 9419 1031 3911 3257 353 7703 7759 1567 3527 7951 4723 6373 9803 3329 9413 5783 743 4943 2521 5387 1901 6637 6991 6389 443 8599 6247 4987 109 5009 6673 3307 1693 4373 6229 1259 5519 4177 4591 9391 3061 7331 4337 8581 2801 4657 5591 2927 7643 6871 7907 2161 3733 8297 3209 7789 383 8389 4127 163 5839 4339 1301 3697 1093 6521 5647 3643 6073 3449 977 23 7027 7433 3373 719 7589 2441 3617 6571 2473 6949 8863 421 9109 9497 5167 4783 5381 1321 67 1669 9533 6079 7349 859 4397 3691 6883 3917 9719 2659 8627 7159 7247 4919 13 1523 1213 9151 7151 4093 4153 7933 2273 4139 5693 61 1907 5039 5521 5471 9277 6451 9059 8263 5437 2437 241 4639 7237 4973 2617 8929 547 6547 1433 8537 4349 5443 4073 4673 5233 3313 6661 3761 7219 59 181 6553 4013 9127 1151 751 2579 6361 6491 6761 3559 79 8677 2657 83 7549 2137 1091 5413 6599 8713 7901 1009 3499 9629 2089 2003 233 3169 9623 3259 6359 7283 521 3889 1549 2971 6779 2153 7057 5881 139 4691 5021 8443 7043 4903 4451 4703 3361 7547 1453 8971 887 17 4049 5197 5927 1811 7459 9613 3109 2267 307 3533 269 5107 7489 9463 7561 3581 4231 4441 8123 2689 9283 9967 53 5869 6199 3833 5569 5153 1171 769 4051 8377 2647 179 7793 8527 4057 7753 137 4217 7369 4283 4721 2069 6301 9767 3251 8059 6163 3929 2287 7253 2621 823 8807 2969 8209 3571 7121 8831 919 8629 2381 9817 8803 6037 6983 7757 5827 2557 367 733 439 8669 1187 1999 5813 557 5563 1451 643 2333 2843 523 8641 577 131 1381 1051 6007 6737 1193 5573 1559 239 8011 8707 8171 1931 5237 809 4969 2539 2293 1163 5309 7393 499 9067 7727 6269 9511 1181 2029 7873 4447 4507 3253 2371 4861 4091 1877 3877 3221 4523 7591 3671 3301 8563 1409 7019 9829 9907 2311 2339 8219 5711 3739 8291 6689 5147 1987 461 2053 6551 311 3727 4651 1399 967 2531 2477 4933 1061 3511 9871 6967 6397 1867 8693 691 5231 8539 9859 9941 8999 4111 7537 31 6703 1831 7687 317 6581 4003 2393 337 4211 2357 761 1063 5779 5821 9491 3803 5281 971 3719 9293 2729 9041 7993 6529 3391 4621 2711 929 877 9749 8719 101 2411 283 167 3701 5527 3121 8087 1873 4831 1019 107 6271 1933 8191 9157 5851 2797 7039 7937 5399 7573 3607 9343 1951 2887 6857 313 8221 5669 1429 277 4957 631 1511 2917 3407 2113 6977 5953 229 467 2251 3371 4643 7481 2377 6619 6121 757 9241 3769 1097 4241 8269 8447 5879 5689 9007 6217 1277 7129 5477 541 3323 8069 37 1759 7333 7741 8387 4133 1801 9001 991 9227 9181 5279 199 1049 8839 9833 857 5303 9721 593 3037 1613 5171 8363 7829 3853 2503 3167 1733 6047 1949 5867 3547 8951 1117 9209 1297 397 5791 3491 7451 4877 5849 907 331 8861 2269 727 6211 5843 1697 3583 2819 3083 173 449 8681 7229 563 7877 3931 5659 9221 7649 9811 2237 4813 6143 7243 6607 9929 281 677 4129 6869 2309 9733 5743 3947 6833 839 9467 9791 1021 2129 9349 5939 3019 6709 3187 8513 6221 7841 479 2399 373 4019 1033 8849 3923 659 7523 2753 8329 5 3413 389 1439 5657 6733 3821 9743 8317 7517 9371 6277 3613 2297 4549 6089 7487 2633 8089 463 2207 5857 3851 2239 5741 1499 2687 641 7177 787 2389 5531 6337 1979 3637 2459 5737 8431 1973 7639 8293 4909 4519 8179 653 5749 89 5227 6997 6971 9679 2347 6257 6763 9239 41 4483 3023 9281 457 3319 6299 9661 5209 607 3677 7949 2663 4391 3919 4547 3461
4679 613 2621 7027 607 2417 4289 3499 6781 317 6029 1063 2927 2381 9551 1831 5623 3461 7213 37 3391 1889 3677 1249 8389 4297 6719 3049 8941 2251 563 7247 6661 6977 4421 7649 101 2549 1451 419 6577 1217 1657 3229 7589 4639 6883 8929 3011 6983 5471 1091 4091 7537 9587 4513 4177 8563 7481 8741 5821 7817 5749 3947 5519 5987 821 6701 7529 5717 9043 1087 3469 7309 7211 4019 6257 677 1409 2383 103 6277 523 7753 5867 5393 8117 6473 4397 7607 4391 701 1867 3643 7079 6133 8537 3769 4273 131 9001 1619 6217 6247 7559 619 1327 431 8243 2027 7823 379 1439 5939 7151 6359 3701 5233 9851 9781 8353 9697 8291 3527 2719 8539 743 2543 8467 8747 211 2399 8293 1693 7507 3821 83 8179 5779 5849 7129 7039 4111 9137 227 6043 8713 7523 9601 1609 3697 1237 2663 6911 4933 4049 401 1213 5953 5741 9283 3529 9631 727 3019 9743 181 4519 6823 3853 2441 9649 7879 9293 8369 5443 1877 13 3517 239 389 3767 5399 4703 8081 7103 7127 811 1933 179 977 5081 3539 9643 2161 8219 2141 6113 1549 3709 5273 3847 7937 5323 8161 8431 9679 5521 7489 8053 7253 8297 4861 8429 1531 5659 2593 6037 2729 3301 7159 9161 5059 23 4457 4909 4973 9049 691 9721 409 1039 2099 9787 457 157 7829 8087 8669 6569 439 6091 2467 6793 4409 499 6131 5261 2851 1559 9011 8111 433 4021 509 1289 1051 1399 4507 9733 7457 2539 997 9769 7229 8089 281 7013 4099 647 421 9109 8867 307 5297 6199 8329 5711 9533 2903 4691 3121 8221 4451 937 1031 5869 757 1801 7673 2447 7577 6151 8269 73 6703 2791 5477 6967 9413 9029 1019 7499 4789 661 4003 3257 7703 2113 7369 3203 9871 9491 1523 5813 857 3541 4831 2477 7283 6397 4787 6571 2857 5647 4271 9013 4129 5347 3109 8191 6101 199 9613 3613 1579 6311 4463 8521 3061 191 2693 641 5209 9461 1433 941 5413 7681 5003 47 19 9151 3511 1367 5861 269 5503 7243 8513 1999 5099 773 9811 1279 6079 6691 5449 1907 7333 953 5441 4243 4603 4903 9833 4211 4937 3463 6733 2393 8933 8599 7561 7687 8039 5851 2311 2687 9341 9791 2371 8501 5101 3323 2777 1021 1381 7789 277 7643 4013 8287 6317 9437 8969 1163 2351 6673 9767 4649 7883 4229 3617 3583 2063 2267 5639 3881 1093 7069 8597 4481 283 1223 7873 5087 3547 8209 3907 2297 2963 9221 7993 6373 8849 5231 4373 3331 4051 8009 9323 4663 5333 3271 3931 9619 8863 4133 6737 6857 1571 17 2357 1901 1789 5039 3413 8923 9479 2711 2179 929 337 1489 2789 3673 983 919 5011 3119 6791 1871 3793 3851 2689 139 5381 9403 8627 3079 9521 6679 61 6421 7927 4349 3607 5437 1373 4073 7949 5417 8731 2029 79 617 5923 5531 9463 5689 3221 2617 9337 2131 2003 3217 1873 599 9749 6353 8059 1423 479 4621 8423 449 4801 9431 223 8693 9227 2039 4799 2053 1171 8837 4813 3923 5843 8663 4001 9661 4877 3373 2143 2861 2843 7699 4723 4951 9157 7573 9859 2609 569 6197 653 1723 3 3083 8233 1499 1291 4643 8803 3347 1187 2579 4969 6949 4871 3491 6263 293 2243 3967 1069 29 7331 7019 967 9817 5419 2341 5573 6863 829 2081 6143 7307 6389 3163 8761 7297 7963 683 373 6427 4259 3299 3593 6121 3001 1951 5237 2069 41 2207 8819 5507 2389 4337 229 2411 9091 6481 3533 5927 8641 4139 7877 7639 71 6469 9391 7193 2657 167 9433 2377 151 751 7411 9103 5801 5563 6827 7717 8999 5897 3319 6997 7933 6829 331 8017 1879 1481 7207 2647 4583 5387 6961 8101 4783 6047 3761 2203 4637 4523 7177 127 5669 8783 6203 587 4493 3671 3449 3823 6361 2273 2083 3571 797 3343 643 6871 8779 3911 5693 1061 6659 809 9203 6653 3929 347 2803 2957 1013 8147 9199 2591 3187 9067 7741 6841 443 1511 823 7691 461 193 9241 3371 8387 3691 1201 8123 491 3623 5881 6619 8011 5641 1321 6917 991 3863 1759 251 3251 9473 8623 8807 7109 601 67 7451 6379 7057 2089 5879 3917 9929 7547 1601 5107 8629 3659 739 2551 3089 9901 3307 3407 163 6067 9059 7841 4721 3313 5227 8419 8311 5407 521 5807 43 3739 5279 5023 2887 6229 1721 1361 1151 2833 1297 9677 467 7393 2767 881 1453 149 1193 2969 4751 2909 1471 4157 3259 733 887 4483 2111 5981 1487 7727 6529 8543 359 5651 4217 8861 6869 1913 6521 5479 2137 4919 4057 7219 4673 6563 1 7759 4201 7121 8527 2459 4759 3209 1931 1049 1181 7901 2221 8609 8093 2837 2521 1097 9421 1583 241 659 1987 3067 2939 1429 9439 2423 7541 8821 6547 2731 5527 137 5309 5557 5701 7187 4889 9173 7001 6269 113 2473 859 9949 1847 6761 9467 4153 1747 5501 4651 6449 4007 7583 7487 3557 4793 9257 1753 4561 1307 1627 7351 6899 5683 4597 6709 4567 3797 503 3779 1741 9931 1303 6337 7549 1699 3389 6907 271 8689 1103 9883 1613 2239 5351 9739 1637 3637 9397 9719 571 4231 2897 4549 8581 2819 719 9887 1697 7517 4733 9239 5483 9689 3943 8719 1663 769 1597 3877 3023 2213 3467 11 9209 2437 1153 6833 4817 6971 1447 5171 2339 1301 5303 907 9803 7907 1427 9539 4253 2699 8737 4093 2347 5189 109 2 2633 7477 1493 6451 4993 7237 5737 8443 5653 6581 4241 3559 8647 7043 4261 5827 2797 1459 5591 89 9623 4363 1567 3037 2017 5051 863 1607 8363 9839 6163 6803 5581 3041 4987 1783 1033 9319 4283 4159 6763 1231 839 9973 2333 8231 853 9277 6089 1787 9547 911 9629 8951 6553 5839 7349 6329 3169 9127 1283
10
47773379 65206217
74520847 7720763
63654841 1334867
21765739 39329729
455113 22544131
44393003 18333773
4057517 20427767
66365647 11598073
4295633 49545893
3953611 129079

5 4 1
2927 5477 3911 977 6569
9623 3499 5657 7309
593
10
5526889 4334237
7008083 35210767
12115799 6770171
21889631 23032799
40031393 5706439
28585499 3354601
22124527 4334237
10241573 3354601
565633 9402187
3471913 2289787

2 6 1
2871 3102
6310 8144 8761 2458 3940 1118
3316
10
7624716 13065040
9338236 43406925
7056918 20923960
26641260 6882246
25262688 29051476
17887410 18135117
23381424 8150728
30531332 24696237
60508616 24738638
3468036 20923960

9 5 9
467 8123 3793 4651 2267 1699 757 2749 8117
4591 3659 719 2011 313
7549 5857 6967 9239 8081 1627 8273 467 101
10
16118689 35061349
6436429 73999999
4558937 1169813
28891781 19645589
3955519 14454619
37265147 5953193
2218087 10017127
1976531 42416249
1221581 33805501
10058591 6642841

4 5 4
4574 3317 504 7228
7288 1267 3228 9483 4672
9874 4113 9213 5765
10
3673152 18609420
51386699 2977450
24174296 54669495
4202639 87366879
24174296 43043136
34200 70583320
15623036 18211350
33335312 12510358
6287200 27707548
59655555 33756660

6 2 4
3688 899 3338 4412 1583 2095
3115 6145
4816 580 9958 7866
10
91437624 20609838
13913370 12310996
27111740 24502590
12873775 1806700
20113500 27865815
34594326 21411840
27111740 1806700
1329468 7872312
20512010 15001840
13743380 3564100

9 3 1
8257 8936 5294 8420 7317 467 5358 1247 379
543 8318 1442
9868
10
673414 82082024
7633948 82082024
9187412 53956272
2874642 14229656
253581 14229656
19794538 40359172
36451406 44059554
44035492 14229656
13715740 55993920
7074675 6140712

3 4 7
4102 6721 9856
298 9999 5123 3362
1880 9080 9855 8223 7385 1448 473
10
13790924 431504
41015898 24828370
34431683 14478552
32154540 24480855
68738320 5289144
2937088 18798120
3427476 297000
20225205 45311760
39430395 6584270
34431683 98540145

1 5 6
9430
8725 3488 3915 4255 6046
8471 7720 2758 2805 2126 9222
10
7730366 49378070
36918450 51215666
9154836 43336896
82276750 7415488
40124650 29546848
47721856 26539814
40124650 30223800
32891840 51215666
2113144 484075
2179422 1026960

7 9 5
490 2018 2080 1534 4714 4273 3646
2808 769 8087 3042 7570 459 695 6305 2562
5625 3764 5141 4760 3065
10
13410270 9618546
63237120 19754756
35684980 14435928
1066130 1727676
569538 6816096
59148352 38639622
29721770 9323730
6675664 46955881
376810 1406835
13114400 28493480

2 4 10
5547 838
1285 546 7216 3494
1414 8682 9600 2438 2200 1422 1765 4983 9450 7071
10
19381218 776412
2927972 12736240
1076830 3860766
7921848 24515625
1076830 8518372
13473180 17719538
7220158 16679364
62810432 101280
457548 4968468
40730750 1171728

4 3 4
5140 9034 4380 148
2544 665 1842
7540 3298 2278 7238
10
35114505 30532216
22982496 13888680
4733148 161700
1645650 59422752
376512 2193170
15493920 17039211
3418100 8390112
6007610 4196076
6007610 19181760
4640220 42646341

7 5 2
9949 3067 2311 5693 3221 6151 29
811 9743 9011 4799 103
3593 4603
10
139171 474109
47745251 41477633
51299623 370079
29881781 2913923
10451393 7515829
74434307 90493
5807689 50708407
89493809 13900241
45993499 449087
633553 2913923

3 8 3
503 6113 8929
9901 3919 8147 1 4789 9851 1879 2753
4723 9067 643
10
4955053 17036893
72744563 35533573
8929 46762423
1917829 50616743
16271573 3358891
29032541 6433411
8929 6366343
21713459 11017297
60420391 9119821
4097941 17036893

2 4 9
6421 1289
9419 9839 5573 7937
7211 5869 2677 4409 2879 113 1453 9377 7127
10
671191 8819263
50963477 25214663
43922201 22112947
32080019 1785463
50963477 14918921
59454217 44388499
63176219 27117301
60479399 896881
35784233 28326481
6016531 15980351

6 9 4
8853 6972 3488 6854 6319 5074
1155 4257 3449 5295 1697 7893 9961 2564 6982
7980 1174 7613 2411
10
54098622 24015971
36291930 33970860
10225215 62986140
9583960 43717440
32042610 1523154
10521438 5962240
61295860 24295180
26217243 2076750
69876729 24015971
37687221 53153966

1 5 10
7102
9775 2567 2032 4134 4752
5244 3246 1652 875 1360 6114 9894 2478 8791 7226
10
14431264 18549142
33748704 15694638
6875820 83863134
29359668 16148300
33748704 25397898
407290 61488545
2610634 27523500
18813265 11614152
18230834 5035296
59157510 26553304

10 8 6
4891 7249 1726 1673 1361 7537 1293 3794 9863 8662
8223 5389 9644 3160 9467 7855 7374 5727
685 1218 3206 7777 3595 5284
10
38418805 5051190
17727132 41082054
11191503 10130960
34708050 20792828
56940895 3848880
55577838 5380675
40217892 36693261
4085880 23641044
10462816 32302522
428444 9446784

2 5 8
9559 75
377 1005 5186 3068 7396
1223 6314 3433 3965 1888 7728 5233 9012
10
47425672 4333180
14706666 5951664
388950 5259165
388950 57156288
9606795 20562490
410630 53565617
42444666 22540246
49572974 6345570
37105016 21513548
554700 9791168

3 7 7
2251 5189 8087
563 9133 4603 3343 9041 5527 1061
1667 7043 331 5087 587 9929 691
10
5505529 7673201
25485349 23441713
6175003 29975563
6811241 13222721
46913749 6310903
32394211 1869919
5505529 389033
12441277 6310903
69089807 2376427
1267313 5397307

6 5 9
4933 2633 8363 8887 1487 9391
4649 4567 3847 2467 4507
7307 8243 1901 9419 5107 3823 9433 3467 659
10
47852023 8010697
6495611 14707081
206287 31992677
48135443 12120467
4239227 23959907
40586929 4689767
63621713 11089261
22233031 16118083
6913063 23236673
6701909 16118083

9 7 10
3790 8238 8809 2040 9386 4454 1658 6350 6206
3577 5013 5341 8668 7082 2991 7104
194 5596 4511 9176 922 7656 8068 6613 8593 5007
10
31110678 32046144
6101640 49009016
1728027 1529792
31852500 28038780
11946456 2576016
33915350 31946902
18992850 23654701
7922068 9234740
47048869 43076709
7691610 64174592

3 10 1
6343 5948 4874
28 7307 3755 2003 4002 5814 5862 9949 2240 6789
9840
10
12705029 57209760
6571767 9121464
1053544 38163952
10917760 36949200
136472 39379680
28571388 22041600
8632515 74316600
36539895 12778246
34581672 97898160
26060020 71692352

8 6 7
3083 919 2707 4241 5741 6983 5783 1069
1867 7583 4993 1291 6661 7459
4451 8677 4799 5471 3041 6793 4919
10
580247 60511769
23378389 12682531
1995823 50668987
10718447 50668987
34537691 20391563
5475131 15183713
13558603 2843173
38520563 65797691
28212313 4649419
53296783 48407747

6 10 1
4792 5047 7551 2640 5246 1228
5516 672 3358 544 502 763 9654 8636 302 143
5888
10
31697358 54965952
797280 841984
3790602 32478208
616456 3203072
21252148 33461525
22799040 32478208
22173450 31904832
14562240 56842752
19411119 7164144
28644760 2213360

2 4 9
4967 1259
1709 2917 3229 1579
8461 5087 1061 7583 8329 6389 5953 1483 4721
10
23917511 1985099
10491959 9467273
2151631 15244109
7842893 14234261
7775723 45954841
8488603 7454459
1362887 57599293
11306831 48129493
3672503 14459849
2151631 13771157

3 9 4
6196 8699 2348
5214 6228 1554 2680 8790 9725 3477 2669 4969
3818 1599 2720 787
10
32305944 2736399
5577792 6683006
13734028 47800692
13518246 3910603
2821464 29881460
32305944 6917730
19283620 553350
8163996 13515680
60256100 14182080
1126386 50805590

10 4 8
3997 8640 7738 5856 7678 3836 7289 5423 9523 3215
3993 6634 5425 7525
2854 2670 5855 9827 2323 4926 7102 1465
10
24986610 30343710
44066400 5849745
19724120 46685706
30897834 7947625
65016000 15482950
28394399 44198770
20810300 18933436
65016000 12602275
13767828 26042850
46781604 1161760

7 3 7
2801 661 9623 593 173 8821 7607
2207 227 151
5087 1129 2621 9109 9439 7499 3109
10
150047 5784547
25237903 6730831
26521009 25634051
89543 1702273
33477329 5386259
381811 1154749
10951321 23033737
16788649 2142653
381811 1375459
13770257 1802377

5 8 1
1523 7591 2791 7817 1913
4019 6323 8069 3559 1549 6637 6803 613
101
10
82006871 88978817
27820703 156449
5420357 814969
5311967 31092517
6123847 1723313
47997893 156449
1172669 156449
12696581 638623
387511 34454867
4492583 47109229

1 10 5
3550
9064 8008 9207 382 8920 96 4360 6100 3793 1547
6667 4172 6699 8359 7904
10
75818996 14303424
5270398 16056900
31666000 25409307
32424552 87914060
8724600 21002620
5491850 53645592
13465150 3193138
1356100 25287931
80846436 6552000
5491850 2559018

7 4 1
3835 9313 5400 8977 6125 7348 6146
8703 5278 9994 768
4633
10
20241130 3558144
4986576 19388922
53967600 3558144
45627568 1845855
4704000 40320999
38782744 40320999
41366897 31493995
45257625 73895400
29169360 34758405
32438588 3558144

1 4 5
6884
9582 9990 6496 6159
3287 3856 2984 5745 6118
10
4785123 9493305
41938092 1040250
3795480 3276166
68771160 21352352
42398556 25048576
65962488 39742528
42398556 55048590
47937924 27985920
33671536 32396874
42398556 28592688

1 10 5
5475
7353 9532 2146 9140 4176 2489 4526 2170 8638 7572
1812 152 5924 4699 9386
10
50041500 44790868
21559170 53793240
38707747 1399152
24779850 12855080
33564295 32879736
4976775 6988548
56779978 39661336
22863600 378328
50041500 4510068
41456700 20367620

7 5 1
673 9613 1193 3259 8573 8669 7349
8353 5021 3331 2423 8623
7489
10
11753141 855497
5803279 62555617
41087 24710891
7896557 24945859
24479519 64577647
24941311 6130247
81159047 9399659
3973883 64577647
61386197 24945859
27469963 347647

6 5 1
4796 3552 8818 4600 6790 5212
3734 9512 6655 6196 5525
5576
10
31917380 30807400
27502634 45763190
39185064 18400625
37514750 20820784
29074528 11391570
43755200 37108280
42070840 20820784
25353860 37108280
114786 6211176
9157335 16973710

10 6 8
8167 8387 2459 6619 3593 2089 5689 7333 9533 823
7759 5647 1109 5507 2843 7517
2647 3463 9103 2411 1117 2503 457 4129
10
45688733 18259603
27008581 2775827
66587561 9403547
50953549 29636879
20847719 14134441
2999593 358249
27881519 181057
27878087 2935523
6385657 26031371
65074733 6307699

6 3 6
6196 9973 7797 1416 4633 9795
229 929 8742
70 9604 1671 378 5717 7295
10
24363644 3408960
1315464 611940
4464956 3582852
70963288 81098493
34911243 10796112
1785513 1552359
54165432 5311093
6775000 1729760
7243413 3304476
87183966 65030

1 6 1
6918
7752 6365 8235 8658 4142 8712
9596
10
14680904 11299101
29079249 22632948
44033070 83082168
17302164 15008282
28654356 61078540
44033070 74388192
59896044 39746632
58917375 57296256
53628336 61078540
51543564 4840311

3 2 2
6927 2105 86
7473 4495
703 475
10
11737889 7427490
15730665 3159985
51765471 2135125
9461975 3549675
89257385 2961068
51765471 2135125
67814932 24908044
24118270 4791707
31136865 5253519
28914633 61909260

8 4 5
83 5449 337 6521 5119 9803 1103 3257
3229 181 5167 11
271 761 499 9439 8887
10
13229537 1664527
1774343 2578333
16529251 45919129
56970127 24805129
59939 30478531
759257 2077687
10516853 1400257
64121009 17742719
5699201 49051
2345587 18649913

6 6 1
3023 641 8761 4021 13 8783
9413 47 3109 1459 941 4049
4093
10
49028851 77987593
3783761 5971687
1631599 322801
10272877 76477963
142081 12725137
2844643 12725137
4507781 30780367
45179599 14759357
40417 3851513
82674379 3851513

5 8 5
6262 7015 6966 4136 3181
8890 2978 9055 3454 3840 6102 1576 1544
8248 2680 6932 1193 8679
10
11919135 42278432
24060564 24562544
56702410 10605770
78613744 69960
21628948 10605770
15882240 52959258
936573 60932352
2344260 4972176
10103940 62802810
63520825 10291200

3 7 5
6242 255 7047
2026 4028 5229 8038 6059 5423 9002
9725 4808 8425 5982 5300
10
38246150 30273992
63437094 78169550
1645008 49367500
1027140 58923775
63437094 36244938
14277222 87544450
46035992 55877130
29342250 4399090
61021356 87548032
50173196 10737800

2000 2000 2000
7734 7410 5738 312 5321 1788 5125 8979 9582 9195 5948 7152 289 9092 4520 8664 815 7360 2402 5864 6239 6225 1612 1857 8722 6409 3843 7932 7772 2743 8000 5493 9170 3724 4890 3603 4553 9017 2567 4131 8208 7534 1228 8465 6627 4800 6254 7384 1226 7682 3223 7391 3003 3883 8286 1701 9291 1205 6181 3002 6667 722 1260 9394 5562 3945 4572 6400 7090 1866 3916 7367 275 9549 2133 5617 6051 2418 2391 8289 8832 5311 2147 6240 6052 510 6499 4712 5767 9388 1330 6439 9700 700 1957 4495 3711 6448 9892 731 8224 2918 8042 7595 2454 9205 2301 8404 1603 4617 6694 9477 9810 7866 5713 4979 7450 2172 9572 3198 638 9950 9528 9409 642 560 3013 3419 6964 2900 4105 4302 5729 1220 954 7206 390 2315 4726 1062 6845 456 9591 5771 7403 5298 678 4850 6505 9317 7074 6214 9263 6595 5619 9856 6233 8523 3269 3168 483 6402 6494 6169 7544 6506 2466 7024 8721 6222 7139 5560 6635 6728 362 3139 1086 90 7889 7520 9390 4068 2835 8651 9664 7470 7632 5896 5997 846 8953 6440 6308 4559 1682 2950 1002 3193 9863 9660 9303 7000 4335 5058 2820 4664 8091 3848 4737 5096 413 4122 9047 3210 1863 8706 623 9405 4593 5692 9314 2643 1191 6234 1928 8462 7173 5050 7441 5955 4350 4429 188 8409 6273 3946 6502 1 7694 1547 9502 873 556 1809 2694 8343 1497 2086 2920 7112 475 4601 7354 766 9190 3621 7009 4234 1011 2933 4500 2204 5999 6064 1574 9772 3742 3068 9267 3678 2697 1055 6282 72 1611 7396 2978 7763 7830 6601 5105 3866 7310 4291 6507 3415 7531 7449 6256 4236 1918 8366 9237 1683 3537 784 1444 6303 9759 4648 9873 6139 4707 1473 2627 7582 9152 391 3280 4251 3335 9600 7550 9728 3012 5074 6305 9158 9191 7258 6648 8426 8853 86 8278 9342 6376 1156 9098 6231 5739 8967 1435 357 400 3117 7030 8635 3475 219 2873 5838 9796 9438 5564 1909 4504 922 1043 2805 8114 7627 276 6966 6818 8519 6306 3162 8730 8407 4462 3474 8891 3901 2954 1986 867 1563 4505 143 3482 249 9039 2913 4900 918 6443 1023 8258 3869 8577 8499 9838 4512 6148 5258 6700 3988 9658 4220 8340 2233 3096 1322 5115 4128 2146 5721 8516 1371 8212 7863 370 1084 2746 350 6583 8406 1347 4832 1354 8975 2431 268 7605 5497 74 1550 5152 4281 8931 7296 6403 202 1480 444 1421 6248 8045 2750 4452 5910 2194 4592 7671 2514 1116 6075 5001 6480 1868 6462 6717 4389 4048 1278 4448 4644 6366 7740 3566 2756 3234 3744 4173 3644 4216 9422 749 6874 3868 5724 8094 8347 3374 9632 8514 9334 2536 3502 4927 3451 8973 695 7742 3007 1937 1258 6674 7334 8044 9981 1241 2980 3263 3938 7099 2673 4633 3066 6455 264 198 3909 3609 9802 2407 2044 1436 4944 6009 4827 6650 1646 5945 8494 2854 2583 5828 9915 1816 4921 1148 3839 8079 5025 876 9777 8657 3005 5344 8018 3176 9139 686 618 2685 3464 5516 7720 8183 8432 4359 8869 3478 1943 1696 5100 6807 699 6834 1687 1813 598 8805 5877 535 7708 4527 2608 3031 1626 4826 2156 2265 6824 1839 3997 200 7272 1679 8355 4819 5078 6347 8187 6938 7957 3268 2840 8595 9112 4456 9449 8787 2360 5315 8399 9966 8845 969 2993 9509 5736 4190 1764 2527 5952 5684 2704 2307 6407 93 7038 1425 6424 4334 7500 1085 1157 6614 4598 9657 5390 5989 4087 3782 2023 3811 7964 1517 9430 1222 3222 1046 7923 2811 8434 4314 2888 4581 4788 8324 8800 3059 870 5420 3199 1992 6819 728 6428 2782 4764 9210 7755 6704 3009 4828 8137 1534 5984 410 2532 1271 7413 5262 8758 783 7170 3324 5520 4606 1207 7598 5416 6560 9809 5561 7588 6626 6237 3108 8421 935 2304 6172 6699 5236 9998 3948 5980 3431 8248 790 2604 5055 1540 9673 8272 6105 3388 8528 3684 7824 4203 3485 3365 848 9119 9493 3908 7543 9489 5247 2814 6183 395 12 7808 3438 4411 4100 3292 6926 9035 3886 5718 6433 9874 8993 4072 2660 6816 8163 5183 81 4300 8675 1954 900 7118 3662 3448 6597 5498 3455 3285 5930 6178 6412 8234 2186 4557 2093 6935 923 1059 5046 4058 3667 1819 2192 8736 984 2126 1234 2982 6888 8276 6548 250 3981 1111 2796 5752 4340 7743 1886 9747 5971 3122 4304 7096 9069 4288 8083 4106 8228 814 4963 9452 8613 5008 8746 703 3720 9909 3638 530 7304 762 1238 260 2618 6919 3687 288 7837 2537 6227 906 6749 3294 42 434 3128 305 7988 5958 2977 4696 9541 6602 4599 2276 7088 963 538 6916 2160 780 3528 8808 6814 5985 5030 6783 1812 7344 5815 942 6861 8834 8262 7135 6820 3321 6018 9687 7914 4674 5402 1591 5982 1564 2509 6478 8395 3714 7200 6948 2675 9737 5754 9385 9778 6167 7442 6242 1939 7444 3077 9808 5708 9223 4356 5428 5072 8912 765 4885 2288 7244 398 9709 897 7558 6655 3521 6420 1477 2008 2100 1248 7208 8570 6541 8180 8630 7986 776 7855 8763 2181 9034 2937 141 9742 8533 4125 1126 5774 4487 820 6613 1113 9142 7456 7068 1130 8585 7363 7388 7163 3890 5565 3154 2502 3532 2996 9378 7153 1735 636 6182 9831 5044 2229 3955 6102 7913 7447 5988 3629 7620 1864 5071 8579 2945 3648 5946 253 9815 9713 5788 2968 1314 8333 4996 668 5476 6649 360 1616 280 176 6580 1589 3218 1757 9417 606 7660 2148 8174 9176 3952 2336 6886 5922 5022 2802 1614 58 1978 8378 1774 1714 2043 5379 7711 1302 1020 9213 4458 2732 7756 5020 8927 2284 2866 4577 8673 9454 6406 3932 3394 7059 3976 117 8943 1431 1872 9694 5207 9244 1729 6071 2085 9669 4400 6460 2392 516 879 1870 2048 6346 685 4908 7626 3681 7322 4669 7416 2714 7154 9201 1504 2327 7569 1007 2737 4305 664 6161 690 2120 7314 2952 6513 2106 534 8469 7474 1799 8222 1464 9332 972 8704 3107 6707 6122 4853 3842 4437 6284 6085 1073 8470 6153 3752 1859 6764 9797 1849 9881 2715 3894 9494 1146 1329 1272 9330 1415 6032 6588 5759 9758 961 1102 4959 1991 8622 1052 4784 438 4578 2021 3891 3809 3766 7599 2361 2721 7973 2688 1106 9729 1441 1139 2362 6778 8024 4394 7678 8178 9235 8701 6806 9344 2584 6327 5330 6191 7377 9105 1137 1966 8410 7787 4264 171 5978 341 4791 9606 5313 1522 6753 9588 8242 7947 6943 781 6414 8547 6171 1698 4735 9844 657 3723 1806 8139 1466 5109 8288 6266 7721 9866 7422 7511 4653 7034 1910 2880 576 4333 8473 306 6670 4875 8823 2817 5614 3544 5372 5455 3267 8983 6300 1370 9498 1352 4874 1434 6426 4738 8781 3922 9270 4923 4868 5365 6826 5398 8703 3632 2979 8978 9307 6878 6925 2109 2462 6518 6942 2736 5496 3216 4044 4506 7990 4990 8173 3760 1167 1060 7701 5092 5485 406 4181 7162 3348 2253 6468 9234 9079 7609 7677 4112 8530 336 8608 1726 3460 5272 5226 9707 162 2496 3016 2522 9727 7713 7912 3351 8075 2058 437 477 3360 9668 1529 2682 422 9122 8038 9426 4427 1985 4067 7132 5860 3320 8643 7289 1336 8833 5093 6743 8336 6166 7833 7856 5723 1147 2940 1736 5541 4887 831 1311 2016 9320 5667 376 1775 3913 7465 7138 6111 3057 2475 6497 1865 7466 4576 7646 4918 5468 1858 5460 5672 4728 9846 7323 166 7220 1456 5658 7051 5629 5120 7858 9427 2558 3634 5681 7695 5719 8054 7496 4636 7764 5136 9443 7497 9603 371 2045 5065 4773 7054 5712 9561 2676 1837 4307 6821 9605 3725 2343 9289 6088 7967 8388 121 6147 8714 9545 8318 8998 4714 5635 3403 8270 9411 375 3971 8092 2132 2370 8858 4449 5131 7259 6705 3525 2436 3776 9002 9848 8241 9104 5991 6956 7773 4384 6769 2440 6978 758 7105 9386 8972 8850 2035 7675 5121 2092 9249 5239 7825 6702 1561 845 6544 9720 9015 5795 8401 69 2639 2465 4655 1407 3489 5312 3496 1448 2164 9558 5734 9894 506 1507 537 408 7097 240 9382 7748 5128 5282 6145 7826 6004 365 213 2051 4985 697 4551 8367 3150 5307 7849 4317 8310 6776 4811 2972 4143 7185 656 9148 2438 5875 185 930 3775 9474 8644 132 6510 6137 3264 6249 7015 5414 755 2356 2826 4138 615 7958 2455 5548 2175 278 7955 7171 8820 6486 5762 830 4244 4992 7280 8151 3506 6394 3656 7940 2989 220 5728 6632 9886 5217 7374 5680 2899 8778 5047 9801 5853 7749 6092 3781 3332 905 4556 7468 5842 1797 7731 3095 4351 3214 1360 6116 655 1800 5768 531 6057 9346 6986 2728 4141 9773 568 8692 6381 5938 3895 9159 9154 4746 3710 507 5426 3452 3562 5700 9224 1771 7483 2620 309 8574 1676 7262 4855 9971 4839 5462 8857 8616 4616 8010 2464 8213 3745 2744 6223 5523 1881 3858 2702 1298 1349 5245 3584 726 2925 4306 9044 4070 2325 2054 7918 7697 878 2280 7954 8022 9526 1660 2254 7800 4608 2807 8710 8354 3416 1383 9577 4701 6557 2261 9370 5600 1717 4634 5500 3093 5727 3401 729 8070 2075 5210 682 5188 5177 2001 2072 8789 4734 745 7144 8041 2091 1827 7133 7122 8540 6927 6369 4035 7335 9705 7630 4518 1183 9607 1518 6307 3898 3458 8284 2667 7210 8098 5246 112 6894 1752 3206 3036 4386 1725 9853 679 8881 1796 6532 5256 9955 2520 3261 1690 9630 9586 5098 9983 6479 2298 9402 3072 8376 9904 1694 8898 4953 4542 4342 9637 9680 3404 4625 7843 4961 6909 9448 3705 7277 7592 5983 4095 6693 2428 8015 913 21 1042 8350 9917 5602 474 767 1252 6320 3202 7822 1224 9999 4863 5382 2344 8483 7266 3814 8346 5270 4672 7480 5368 3006 7397 7168 9872 7180 7880 196 87 6472 174 6395 9565 6665 8682 1479 8738 2065 6452 7225 165 4502 3934 3028 9754 5964 9442 2680 5726 1940 9757 2698 1215 9828 9064 459 5334 8620 7509 1960 7308 920 1454 9595 4492 6817 2834 7092 1452 7239 962 6110 2068 8560 7707 9068 8320 330 237 7271 9359 7110 8135 3515 8991 5116 4902 8606 1408 8813 5019 8567 8836 8437 3789 4815 9540 1850 3364 7241 890 747 6657 184 7087 843 8678 2206 1346 5643 6156 6393 9553 3852 7381 6333 2368 4011 7169 9832 9365 8576 4352 5725 8526 4167 2349 7814 1196 7389 7724 8621 5760 224 6587 2921 622 3317 2112 6022 1625 9916 4239 6730 9683 3597 4420 3142 9207 6334 630 9763 7452 7972 6606 6388 2328 5703 9858 3247 2249 1878 7911 2832 4242 9930 8749 5787 3447 7786 3600 3620 2390 215 7061 4570 8515 9005 834 9097 7893 7355 6188 3721 5850 9304 8987 633 2529 6792 335 1654 7209 5182 5110 6600 5296 6892 1112 1003 1101 2884 8292 6399 8118 2202 9447 8870 34 1484 5357 1665 8194 332 1072 8889 3172 2915 8043 9662 8107 9826 50 9818 819 8176 6537 8106 9192 4645 244 8634 3498 4036 4911 8485 1309 5212 138 3017 3289 5845 4857 2948 3052 9665 1875 3092 8598 1760 2398 1264 9849 9296 8162 3465 8631 6800 5993 8189 3690 9032 3086 1256 295 7316 417 252 6618 2788 5186 1422 4769 8133 156 6562 266 7358 2632 7203 8345 5358 3074 8958 3395 3970 7115 5511 4280 2804 2134 8676 6357 2005 3434 4476 2145 9006 3830 5495 9836 2653 5986 7302 7920 8952 2494 8192 5805 1236 4134 5446 551 3113 9398 7380 4293 9965 565 1964 4998 7506 7839 3856 3312 2894
6425 9190 9211 3440 8140 1687 698 5166 7406 1896 9180 7721 7260 9687 778 5774 6187 5016 5736 1313 4655 6739 9738 9535 9784 6374 6495 2844 122 9695 4769 5643 8884 3974 8100 6146 5585 7868 1256 2077 9673 402 9703 6050 9171 465 1781 5354 4556 6556 6596 9092 3269 5452 7750 2160 1776 3340 4922 979 3032 8696 5685 992 2649 3772 7078 8136 696 8256 141 348 7747 8945 5486 6918 8488 6307 2234 2139 1941 7859 1207 5138 3289 8005 6332 4996 395 1197 5037 3393 9825 645 4330 1577 3482 444 8755 4134 8656 7997 3563 5523 6942 8935 2406 5425 4355 3686 7470 6214 597 7736 384 2962 4853 6675 6981 5213 6926 1972 8493 5872 2577 1915 7365 5977 2324 6116 9989 14 4103 3550 5532 984 1574 6963 5468 4972 575 2922 1130 1147 9669 1482 4052 4521 7202 968 9611 4114 2005 7233 9863 4514 8177 7225 406 9530 2431 9482 9538 5562 2128 4181 5605 2758 1085 1011 7630 723 2991 8684 931 9213 4043 7081 6417 4071 5809 445 5994 2124 9385 9512 236 5730 8997 9735 8060 8475 8394 2722 9636 1659 8222 2384 2695 9168 9913 2485 1246 8591 2478 3841 6933 6432 9924 3321 416 2846 5492 7766 2216 4997 7095 6980 3987 6828 5032 1547 4333 6774 1170 5917 4989 3495 7632 3264 2515 9134 4450 155 1592 8181 7068 7940 7227 9396 7435 2932 1334 2015 9708 2601 6928 6800 9481 9919 2721 3619 551 6078 308 1690 1952 5264 4234 8611 7546 6657 7751 1961 5916 9256 9175 2952 6319 5520 1440 2853 8345 2725 4792 7176 5248 772 3073 4720 9756 5709 7355 292 1743 1055 2747 1976 4345 415 9435 1 8126 471 6505 8725 8759 1899 4237 9246 3796 1668 1953 8757 6238 8315 903 9959 8066 6552 7311 7446 7332 4047 8436 9094 5947 2763 9474 4492 1868 6720 4040 7698 3197 2750 5574 4144 6012 4814 7832 7597 5804 5424 1104 3728 6316 1057 860 1945 7420 7373 8310 1420 5806 7401 6419 7590 5995 842 9366 2681 3948 6183 4914 6601 1713 8944 6447 5899 8321 1317 1264 3777 2373 4045 9095 2489 3968 90 9809 1292 7504 309 6148 4022 6693 2834 9897 6600 1288 2573 7398 7395 6144 9025 5458 7749 4584 385 6062 5832 1625 8846 4711 7067 9616 8560 6259 9424 8904 3750 8823 5047 7664 5511 7779 7556 1172 8989 36 1605 6393 6545 6789 4528 1066 4526 8993 1418 9586 3939 2100 7554 195 6725 4607 9786 4400 796 8332 3288 4496 7154 1228 1742 4242 8711 2865 3216 7863 3512 8615 3510 214 2236 3829 5874 2519 4197 7006 9975 4369 3708 3695 3263 7125 4439 657 9425 7946 7762 6776 8223 8531 956 6057 454 3233 3905 3934 925 6443 3232 3116 896 6087 3379 5828 7633 2805 7605 9968 5540 1251 3227 1740 4744 3840 1146 1771 652 7852 9031 8258 5083 8667 1056 8875 1689 1043 4427 4851 4105 9940 7380 106 7568 3965 1996 4284 3932 6573 6181 8334 9026 9299 22 8751 6274 8169 7012 4128 4794 1190 6408 5221 5551 285 8333 746 9905 6880 8675 995 1105 1695 7501 5621 7794 4842 5941 4138 4682 9410 1203 1647 3530 4379 6365 6792 5502 1842 1971 989 243 795 1392 5043 9764 8193 2823 750 9228 4446 7322 3964 1232 5300 9010 914 3826 162 2514 7259 3635 7899 3144 8145 8775 4165 8195 840 3489 8056 2191 8421 6945 9412 1208 6764 7768 4709 4070 5954 5235 7655 2211 6662 3078 3353 5926 4629 9618 8562 1611 2760 6713 334 5950 4017 231 9325 1504 8021 897 8006 4773 8594 1802 7854 9326 2176 8905 1702 2735 1064 4102 8550 5629 2828 7119 7162 4619 2926 6585 486 6848 6787 9768 7923 8206 6638 5060 9044 3752 9711 6765 5474 7564 6088 2227 9644 2152 184 420 4811 1227 3599 2461 6339 9478 3047 9957 1495 9522 437 5422 9287 5296 5925 261 1755 8678 9066 7555 4148 6627 2740 5408 5384 4816 4690 4887 8625 5852 8378 1054 1715 3822 9584 3808 3776 2432 4176 8379 2564 2779 8385 2120 1245 1161 9335 6843 1434 4743 1296 8437 3918 4280 3601 4030 5036 3606 8727 3730 207 4278 1183 7066 6749 3902 7439 4247 5944 7740 344 6156 6463 9647 3498 3317 2204 1912 8446 5159 5226 2022 9071 160 9251 1770 7990 9351 5421 7294 6538 9372 9447 845 3610 4500 8518 3036 578 4096 1782 1727 976 5208 4092 3132 6158 1335 4470 6384 564 2827 7185 2164 4915 4820 8138 9143 4186 6707 9054 6814 1150 7576 9740 791 1633 606 2476 1670 5768 6478 3848 1885 8892 1107 2271 2802 4324 9450 6405 5317 4362 245 2552 2604 3514 9153 1643 244 264 8254 9077 111 8922 9635 2566 550 4520 8063 3471 6324 6076 7623 7560 68 345 1845 3762 9759 7282 8965 3228 7494 4870 960 9693 6438 1182 9927 3798 9309 1813 2325 3447 9668 4836 8781 4858 8358 6404 2392 8411 4172 4708 1403 166 7834 7952 736 1790 411 8135 9079 9420 1000 7510 8556 2766 6457 186 4135 8913 8952 8854 6817 3804 7212 2302 6107 4739 8037 9278 6802 1830 658 6066 8551 6750 438 6520 7123 7658 4714 8588 2194 5092 1328 7679 4372 4508 6592 3308 3348 2497 6138 9570 4727 1312 3417 1849 558 3620 274 5289 2296 7921 2000 2701 4430 9028 8150 4684 7969 282 8776 8339 7929 3133 2830 3624 5473 6032 1564 3892 688 2825 7209 2496 2455 6437 5149 2700 1681 9073 4064 9322 2187 6347 6415 1545 5116 9389 7268 7468 3005 2716 2650 8052 3326 7812 5183 3646 9329 7539 9964 4473 9258 1642 8896 4307 832 2944 5968 9218 4173 1377 5625 6424 276 4150 2782 6842 6179 5410 9387 4222 8628 4959 3805 7619 1314 6702 5719 9605 8255 6542 8495 1646 6441 500 7526 4772 3748 8829 9399 8399 4364 8768 2525 7051 5602 7732 1534 1916 9207 8947 2968 3000 6564 4216 2464 3239 8937 1160 553 4595 8710 40 8289 8717 3922 2008 6669 3309 9442 39 1159 6198 6694 8714 729 586 6860 8745 2622 4420 7562 4803 1527 7192 8401 180 8381 8444 6222 1432 9488 1969 8921 9912 6360 1539 3994 8285 9860 866 3535 6676 7334 518 8777 7998 8055 4790 5550 5618 6912 5103 1080 636 3129 2140 5482 2147 9798 1476 7325 7205 6450 8008 7353 9872 3794 4675 9974 3384 3436 7267 1345 548 1121 5946 6125 208 1932 1168 1266 2527 3352 3351 7042 5418 819 3081 5214 1358 327 2391 1748 5866 9423 8134 2317 2788 5700 4741 5256 2047 6014 5763 2224 1014 1843 2412 2900 2068 3621 4466 4465 5997 545 9763 5887 3587 4094 7168 2996 5514 7953 8752 6082 3589 6282 7890 9172 25 3125 6030 7904 2483 6104 3936 9884 4344 2537 4104 8322 5584 4602 8472 2696 6349 9820 1118 4631 8114 1136 6780 7485 6220 4674 8990 2288 3439 2914 9376 2667 1904 716 154 7870 3854 6293 4062 3022 2989 6411 135 4322 7608 3675 8001 6595 4998 495 8517 5207 2890 7780 9465 1528 144 8967 1665 2810 9305 5822 8116 2470 1120 174 4495 6582 4611 4038 1092 1286 6730 8148 6931 1685 5446 6812 1457 3324 9966 2142 5154 9212 158 5862 6330 2051 4282 2109 9197 6656 2284 9350 1096 8767 6174 5640 1894 5979 7659 4460 2884 9255 5184 2658 608 7891 2623 1816 2130 1820 7025 7183 3056 1248 2238 7833 668 7982 8397 2193 6985 6567 1446 5353 8716 9540 338 6546 2041 146 8580 3799 4718 9986 3291 5904 8306 5455 2829 7939 6071 758 6334 1940 3428 4771 2002 805 9640 2505 6106 7384 4758 6813 8638 1253 8760 8888 2538 9002 3595 2522 2279 9378 9852 6766 2192 7786 1917 2014 3215 5365 7887 6886 6410 8631 7935 8174 8492 633 6816 8797 8464 4698 7685 34 3690 318 1656 5008 9662 1501 1730 943 9204 2913 2409 7299 9314 7950 9672 678 1764 9294 2369 4728 8090 792 5769 817 2096 6052 7020 4830 3870 8654 4834 2172 6767 3625 2931 9930 6755 826 9598 6503 1652 1362 4413 921 3676 8146 8948 7449 3828 4302 9456 8886 6640 6470 2820 9516 7551 768 4612 4308 4343 2232 7368 7173 2162 3223 8736 2168 3134 8607 4878 6682 8303 428 8240 2765 260 6878 6025 7783 7588 559 1156 1893 1863 7578 8098 3074 742 5156 3869 8546 3774 5072 1467 8954 1956 8068 7258 9612 7585 8855 5938 5097 6215 5327 3066 3731 2196 9666 3362 5152 9889 9567 7248 9698 3834 8244 6626 5188 8014 4136 864 456 2762 9244 5470 7761 4573 3166 3064 7536 5929 7496 7795 3434 6508 6482 615 6201 218 735 5942 4990 2472 3942 8132 3282 1767 6889 8185 9436 1407 1320 1594 7994 6294 6700 4310 5463 3296 1169 7914 7579 7604 5015 6894 8281 8452 2807 2365 9948 5771 2337 4791 8041 5079 6479 4917 2358 5031 5374 2732 6544 3354 8916 3220 3486 1360 5243 5350 6290 6832 4056 7682 6775 8075 9016 3611 5236 9155 4594 4118 4530 6352 6904 5260 2882 3566 7767 8328 2199 9048 2665 6587 7061 1006 7822 2435 7775 940 18 3653 9709 7214 3312 1521 4884 2398 648 8483 6429 5130 4828 6966 1094 9089 8862 4600 6853 7188 5835 5018 2388 2036 9816 9232 3513 128 3525 1191 8940 9748 2902 1261 6810 3681 1870 4407 6036 9116 6072 8204 4924 1624 5052 1179 7374 9947 9984 8785 1078 8918 8016 4536 7251 7084 6186 8660 7139 4586 8042 8879 145 3179 6196 5316 142 852 9367 1308 7292 8434 1285 8565 150 3188 2195 5756 362 9179 1576 5631 9279 2174 1332 2975 2314 8417 1829 1572 8858 803 3279 6909 1626 1746 8830 8470 4016 7728 7108 9886 3456 6555 4084 2405 2484 2787 6237 7104 5313 2691 5076 2061 3444 7999 4119 9032 5253 2042 8247 3713 5975 6026 1391 5913 3903 7752 4085 7881 8928 273 476 5600 4279 9300 1780 8590 3584 7688 7599 2261 2919 9548 5656 4634 6979 6717 2315 9885 4454 5430 7765 7128 2924 2697 6224 8326 4410 9334 4494 2911 3430 1250 436 5613 4107 9064 5148 4856 3860 7360 2474 5370 8183 8616 7316 8083 3518 6413 4746 8220 4926 7668 8253 2998 7186 2970 6129 6246 8013 9627 8352 561 1290 7876 5868 5716 5176 4475 3007 3240 5555 8659 2878 3507 3477 4608 210 6629 7370 3717 2712 6644 726 6270 8966 9633 9364 5964 5075 8095 3377 2889 2627 2018 1416 5423 4569 3951 9034 4754 4694 5660 8300 7407 3843 4041 4522 8355 9310 2644 6446 8943 1101 2372 3544 5229 3396 2299 6680 3540 3972 4011 8402 2264 7851 6559 2516 1284 7174 770 27 8869 2637 3657 6348 1937 5335 9915 5491 5057 3451 646 8343 4108 2010 5017 6667 5024 604 2518 4031 7527 8977 9084 9070 212 5372 8802 4515 7774 507 8062 1514 2494 6769 7889 3930 49 7928 9525 3700 4539 5921 3374 6968 8950 846 5061 8033 9858 5245 3394 3151 7805 5648 4982 9634 4183 5536 3492 7221 9345 1048 6398 470 9976 3275 5464 3344 9252 3521 3250 1522 2215 8553 3966 4 1683 830 5649 4348 5757 5278 7540 1329 3054 4755 7892 2387 5742 4258 4484 8648 8276 1073 6910 4270 2346 5518 9645 6226 7000 1112 3830 5445 3102 6120 4318 7758 3110 5734 2586 7270 3516 2149 4624 8348 2276 1485 9154 5579 1704 1480 1036 424 6494 9874 4613 3699 5484 1165 4076 8477 7217 7402 5348 9338 3115 6965 5727 6541 3928 5799 3248 9021 8091 2396 4593 8832 3815 4687 9215 492 9085 5064 1878 7926 5878 8023 4252 2367 3355 2694 5401 9328 8319 1003 2356 9821 6386 6801 7037 8672 429 5865 5078 4190
2033 5252 2374 6132 2045 4187 5675 8998 9943 3683 2350 2304 6062 4966 6740 5384 3268 6802 6773 6403 3688 5714 2752 407 2720 485 816 7602 2028 5840 849 3108 1029 3174 9129 2135 7265 3916 187 6326 6620 2514 7657 1760 7387 3494 6185 9669 207 2935 6063 3870 8536 7835 3355 308 8275 3235 7876 9332 8088 7791 2433 8176 914 635 245 7241 3622 9505 3543 143 2007 1150 1883 8425 3705 7981 8094 2998 9932 4147 6774 8466 1945 9139 8742 9254 2362 5736 8583 9478 3505 51 7653 4370 9751 6993 1564 3366 6493 4156 2599 7527 4362 3526 5955 7959 1470 4035 905 486 8067 6743 8909 9050 5883 8303 7268 2481 6008 6742 5907 6049 3492 9271 4913 406 9880 7299 6859 4032 9797 4376 7401 3318 9327 5352 3843 3351 5320 4293 473 2024 2296 9481 6937 8973 6903 3298 1422 2886 9054 6381 7954 2532 4763 2847 2908 4636 45 8778 7682 8953 2247 5075 2255 1560 9429 5136 4842 3864 9306 5271 5806 1588 3865 1821 9599 698 5053 1011 2644 4098 6448 538 6539 1152 3342 8460 4845 2490 1604 1414 8509 5723 2730 9991 5146 7767 3951 8896 6190 8228 3812 6820 2065 5555 6422 1828 9605 6492 4408 2813 2911 4901 8366 3115 6830 7858 8776 3162 9376 9240 1653 5096 1952 735 9243 8748 3751 7263 4052 1950 91 804 3066 4749 7168 4823 4353 9112 6187 5576 3124 4545 7710 9401 410 5560 3542 7413 4240 8152 8399 4042 6518 6270 7688 3762 224 9548 3837 1008 2600 8473 7236 6455 1915 4681 8013 4570 7704 1643 2246 6224 2019 6839 4390 4601 9892 865 7850 8041 8328 1856 4551 4587 9455 7326 4784 8122 189 4852 9745 7766 1155 5313 9586 100 9875 6723 3772 6695 8277 5937 2893 1849 7184 3924 1736 7113 1738 9691 5430 2643 3350 9900 1190 610 3799 782 7665 8107 7614 7871 3403 7197 7957 2385 3015 1690 8979 1255 6664 9634 8422 8066 3549 88 5172 4331 8886 9603 6886 2217 8619 8002 1896 2404 6369 1743 9088 3576 9265 6960 6887 5582 4024 9167 8486 5634 7271 8793 1368 9030 9716 6219 1047 8912 425 5315 6923 9989 1266 8164 7737 9194 9975 9158 4675 806 8247 8141 9138 4318 5020 4713 8227 3290 2295 2967 494 1058 4275 8598 8534 3098 3934 9520 1090 3431 7945 3419 5149 6106 186 3448 5196 9320 8019 5069 7567 6158 4199 945 198 8797 9110 3466 1064 1160 3035 1179 4486 704 9647 6608 4585 8286 7630 7914 2208 4686 377 6395 9792 548 9727 4103 9824 7747 9055 6511 3888 3240 7391 4062 2020 5620 6548 2142 5836 8593 3265 225 9248 2014 5930 3826 236 799 1525 7240 234 6958 6149 764 6683 148 9654 4416 9180 5282 7318 2413 1756 417 3476 6420 6050 5539 2215 4638 7819 2420 3880 8865 7370 6726 8194 9916 7463 8763 7152 7672 5718 2388 7500 2365 2515 6278 5814 777 1509 2216 3140 3206 1711 5644 8634 7677 205 813 1387 7122 5201 5979 9568 982 4165 9482 7505 2912 5750 7646 8036 1755 9912 496 7946 4841 1244 8492 6972 3436 771 7719 9351 5380 8274 124 6702 5383 1507 958 1314 1903 4528 9593 9318 6462 5336 3601 4090 3357 4400 3110 2930 1416 7848 3224 8959 3927 5692 1603 3774 8145 6030 7375 1810 8799 2723 7679 8914 3669 1273 8503 2088 7662 3832 4728 807 6214 8134 3871 8156 778 1346 8434 4652 6965 7233 5296 669 4490 1272 1754 925 3031 8106 8787 4785 5780 8345 5322 9465 3752 4186 3625 2294 7390 2504 852 7239 2905 8350 1848 8883 4697 7066 8617 8193 7384 321 9057 8392 7843 4209 3274 4658 1642 8394 9862 1084 2120 7148 4328 4780 1469 5654 2144 3027 5571 8405 4961 3910 3835 8491 6354 1540 6686 2832 1834 4856 2248 9260 1784 5493 1633 6364 7058 5335 7194 1158 1558 564 5878 2978 6174 7051 5036 1701 5447 8996 4654 4734 2822 2238 95 4299 2913 5169 2792 5084 3537 3620 5097 8985 6628 4154 4317 2919 4366 4916 3439 136 6919 8620 6286 1911 9361 783 9945 4009 5461 2761 5284 5542 6081 3218 7467 276 5044 2525 3787 8549 2094 7895 7534 7754 1118 912 606 5414 5772 3117 4653 2655 872 3616 135 1624 3556 3237 6125 5344 8413 713 1375 699 8129 721 5691 9676 3574 4233 858 1425 1731 8546 2595 6941 1313 1547 9951 1185 1479 3563 1308 2158 6144 3597 8186 1436 1983 8846 1869 2639 6975 2550 7356 6647 5158 1544 7442 6513 2327 5114 7158 4849 3322 4085 1315 4680 1258 4812 6085 3874 5166 8146 9022 8649 5453 418 1360 1404 294 3854 8680 6910 8020 168 3454 4525 2478 8458 731 6358 851 4765 7596 3602 8448 7903 7425 4526 837 2566 1757 9800 268 7128 9909 455 1311 729 4443 9040 7584 2439 8309 58 5991 737 7631 6669 6160 8418 474 2852 1100 8880 9768 8456 2501 591 985 4192 380 1232 352 9646 214 788 260 1484 3791 9584 8109 5260 7894 8155 280 7701 5781 6038 2956 3304 6472 5721 4348 4462 5485 2786 6875 5151 2831 1004 4613 4002 4256 3302 1180 3856 2614 7291 676 1632 370 8030 3668 7834 938 6881 3405 5720 1172 3014 3743 5348 5759 3806 9844 8766 4189 3205 2048 5304 5835 4941 7825 2210 8267 8445 3780 7729 6349 4704 5753 9899 1617 5752 6775 4949 507 7004 1798 714 9026 5133 4777 9150 4089 2640 2443 6321 3740 7652 2116 8565 5466 4262 5959 7059 3665 8374 1716 8271 3272 4166 4160 8119 3746 180 8950 4411 9182 4405 8545 3068 1725 4746 5026 8372 9980 6940 6261 3349 1975 8292 323 5564 6665 2009 3977 4925 5207 7156 8092 2421 9908 8249 1345 3426 6554 4800 1948 9513 6488 3612 4252 549 626 2601 2265 600 8559 7557 3021 9574 5846 3310 5134 2480 6438 9454 4385 4518 957 4291 1851 8318 5211 8590 7826 1652 1286 1146 1876 2809 2588 1542 424 55 4498 9959 5008 6832 4206 7388 1140 2299 2923 7341 9664 9006 8225 1012 5738 6541 6162 4323 3470 6854 4662 4556 7170 6458 7266 9657 7047 7651 8823 584 7606 3819 7367 1773 243 7560 3120 3135 7204 7854 9492 6868 6860 6840 6938 2565 3075 5921 6735 8940 498 1238 5225 7551 4879 3050 5192 2808 3592 1880 9968 2703 5872 7522 4857 3836 2686 6630 632 8561 3444 7515 174 6713 5188 2533 7670 5642 2828 2875 723 302 6776 2840 4580 5460 5497 4244 5423 8100 9111 2034 2047 7133 5789 4665 2858 5492 2322 6213 2989 2005 1692 7569 3586 2301 6325 322 2090 7067 195 5656 216 4786 9779 5613 2870 8890 3960 2442 7634 7890 7836 9860 3199 9840 1428 4250 618 8919 7733 8966 279 3149 9253 2338 8756 5433 7104 8046 104 6417 2816 8987 1089 4716 7005 7707 8558 2100 52 9018 5165 1306 6838 6524 4605 4558 1405 6372 4807 4495 4737 7060 2345 9170 3255 9417 9256 9562 2219 8245 629 6850 5239 8281 6376 9714 4501 5314 4876 4855 2115 438 9342 8544 4956 4902 9645 3401 8642 5819 5666 7815 8965 5079 7075 8519 6334 4428 8224 2264 8666 6506 6704 5035 3938 5537 8258 9412 2494 9812 918 7950 4766 705 1938 4406 4061 537 121 8728 7427 8189 6715 9132 8801 4927 1378 475 7131 1582 3483 1742 9162 1714 1138 1640 176 2510 8099 3168 9071 6253 9564 8279 4976 6995 6471 6909 525 6036 8404 6231 6466 4991 6662 2682 5615 9154 4360 4772 841 70 5428 7865 7280 6351 8250 5418 5029 6528 303 1977 2078 7179 1574 4282 2303 9898 8667 6170 412 5319 4735 3384 5223 8289 8727 3708 2530 2894 5761 182 1122 3796 490 4816 7797 6748 2042 8074 4444 1539 6746 8337 6753 6241 6963 2035 6295 8260 8079 1527 1040 3782 3111 3876 964 4036 8722 3820 9723 6639 5033 3059 7715 3090 7402 9169 8847 4854 5922 5082 1775 6990 5054 3256 2409 9121 3394 6852 7171 6878 9175 9702 9052 7464 7348 1575 9420 2492 4595 5947 2540 728 5725 6648 2463 2680 752 3515 4975 3113 2625 8695 6419 2676 5014 1491 1994 4182 264 93 702 7582 4881 2234 6122 5870 2026 7964 8307 2714 4067 4214 5378 6752 8398 8928 2407 2937 2692 5010 4120 6921 1095 3468 6117 1762 998 935 3047 8151 8802 8988 5230 6233 7913 9300 4058 3275 740 3509 9965 8204 1529 2367 4161 6410 7126 2414 8148 697 8428 8945 1661 9302 1073 7760 6580 9809 5868 1767 5707 9590 4453 9644 1965 8400 9452 5398 7484 5977 9756 7811 20 5277 4923 7304 7598 2167 7948 6021 160 8643 1214 5520 956 1332 1782 5229 1358 9565 5726 2384 7089 4294 6813 4563 2763 3427 2776 2783 5310 3990 7046 1276 3241 5682 5649 4398 222 6544 625 8240 8702 6660 8264 1455 64 5342 6866 8910 6623 9522 1421 2283 9070 6298 1356 4374 192 8323 5584 2522 3105 258 5952 5899 3886 9553 5505 988 9848 5724 7809 2310 7327 9226 5833 9515 8295 2092 2641 1363 8238 7255 3828 1309 7474 9660 3664 2466 9078 5617 6324 6998 6515 7456 718 2739 4381 8540 4971 1668 7771 9802 246 6058 1887 154 2306 7491 8723 1521 5708 2368 3926 3896 8840 8548 117 5830 4178 979 1595 1665 4617 5024 142 8589 5729 8393 5948 9312 5198 2661 7572 448 9123 690 6799 4514 6468 1569 6140 6260 581 2202 3247 8925 7181 5326 8239 5111 4054 9737 5052 7846 3280 6908 9969 6658 2464 876 2055 9814 7230 1842 7941 5747 1287 8571 7724 6057 7452 1737 4908 3007 6119 9843 9868 2354 2227 2095 8283 1298 8657 1235 9747 501 2691 2307 9650 361 4622 8816 5191 4960 5160 2631 2860 1261 9988 3641 2101 5064 1960 1088 3992 7545 9072 8705 9529 458 921 77 8694 8881 9449 3143 9020 1170 5918 9330 237 2313 8202 8613 3320 8346 7216 6772 1556 8870 9303 298 4480 9720 8633 4464 8906 6456 8952 7786 7519 7471 8616 5856 8829 4407 390 190 1695 8091 3487 9079 9711 2724 7705 9806 1114 7093 4287 9890 7761 8792 1241 6708 5697 9624 3327 5633 7099 1925 529 3000 9789 4012 2468 9077 9581 2553 1685 1359 8672 3451 8477 4506 6072 4393 846 2279 1147 5340 7884 755 3497 437 3102 8934 7021 465 8382 1 5467 780 1317 3245 4185 9350 794 7706 5415 1164 1209 3388 5532 6487 312 6232 5042 2896 3127 4557 5914 1143 2973 2902 1577 1320 3670 358 8149 1648 973 2324 5451 2544 9776 4028 5852 5301 427 6129 4548 8040 3662 8112 3940 3861 1038 5362 1413 5985 1748 7328 2448 7978 1943 9997 3314 6956 2872 5777 6730 674 6313 5876 2529 791 3899 5224 7734 8972 2690 3440 310 9314 1132 6641 2629 7548 7620 6668 882 1050 8551 6602 7714 5346 6347 8735 1616 2180 1466 5995 4632 9356 2825 2706 8296 5429 7698 7437 5370 7881 6136 1076 447 2780 8621 4559 8463 8566 5547 7022 4285 2349 1435 546 128 2106 2688 9524 3512 7709 3263 2865 464 5889 5855 1003 7868 5434 5744 7543 6450 5268 9338 9708 7804 1841 4372 3930 6042 5754 5293 5864 8254 4497 9836 7659 1799 2634 1971 1296 2700 2736 8034 4608 196 3588 9757 7667 8584 6437 2943 9364 4577 141 2664 8373 7073 9922 3432 3834 8822 5499 2743 9166 1590 1884 6123 1159 4996 9722 6396 3570 6154 5514 8504 3231 9168 8622 5815 8379 1963 8300 9446 1161 870 9189 2418 4434 7564 9436 3145 9153 6016 4420 2572 8937 1044 3790 7232 8726 8607 5604 3891 3396 6204 2036 2863 8098 4722 9039 4114 1270 4309 3254 9748 9325 6699
10
25398414 9373650
45692340 225036
20799380 14253309
889542 49200312
8819685 35366239
9046690 71620956
17840944 45709664
29181230 75483732
937440 27596826
66664396 5657877

8 7 7
6837 3808 7971 9766 8227 7010 8224 8210
3482 1221 656 1654 5159 9736 2877
3516 2517 5374 6622 6929 4901 1642
10
15275670 23341248
42427616 4344032
16672096 26481456
13661240 4896528
6166350 26281796
4649568 10952788
23806434 52321264
10955616 4344032
16152964 24126778
18722970 33299728

1 10 5
7849
5256 1285 6450 5551 5643 6980 10000 9590 3328 6146
5713 2470 3514 2891 4719
10
4078032 84350776
27231482 42847616
44291907 30437550
43569799 11694592
673684 20115480
6428421 50272821
9907650 5089920
41254344 23687300
50626050 18469584
26121472 17768086

6 7 5
3982 5978 5846 3228 5038 4191
1042 6566 1114 6775 747 1704 4656
7178 3062 1774 6454 7201
10
14469840 9088324
25277912 25467260
25876444 55054790
2411316 7996292
29015622 24469654
19513296 47130748
12356181 1522576
5249596 5217648
5249596 8259744
26978050 8021914

8 5 4
9631 2712 2318 9545 7687 1722 5901 4257
695 2147 9074 939 6272
5510 7248 4534 7958
10
4101195 9734498
20677757 4257426
20300288 22201921
7404564 6710112
8962755 11829970
8948420 43088095
5342465 45459456
42832080 53757792
2958615 17085826
10186540 3346154

3 3 10
7195 7866 6730
334 4035 4918
5291 7800 3838 1748 7506 3889 3653 1730 7773 3089
10
29031825 18875284
5447650 4498840
31739310 577820
31739310 1767194
2819785 8929062
54336232 11462855
29031825 8508140
887604 70370225
15983283 9921810
2247820 36914508

1 10 3
8946
1173 8476 5123 7513 3667 7947 9080 3004 9932 9318
8618 1798 5318
10
88851672 6593266
10075849 61588800
63652050 39709800
26873784 68487246
26873784 48287440
88851672 25888472
22656510 92295866
13988025 3879155
83358828 73046168
40644056 18930935

1 10 1
1061
163 7159 7919 6091 1429 7901 2309 9533 2383 8147
4337
10
82931 12935413
7595699 34266637
172943 6197573
24234863 43249727
6462551 41344621
20895557 26104867
22255663 18300787
8643967 34266637
2449849 41344621
57367619 15383101

1 10 8
3923
1931 4933 1693 6151 5231 4729 7741 3347 6793 7001
1871 3581 3583 887 5711 857 2657 4919
10
18128711 13197781
7575313 25731289
33717997 710477
6641639 25070581
13130281 27720521
10602299 3212621
30367943 34437919
27464923 11027941
20748487 11821549
18441347 5704739

10 8 1
5323 255 2915 7276 2853 4957 3766 2009 2129 8114
3365 6756 5619 4592 8762 5503 980 8260
4468
10
7130480 30185808
39319533 14191200
65515824 38462802
24997986 36905680
32563530 7816366
73376608 13013907
33489492 4378640
12672590 39148616
7052641 38602151
33411392 30185808

5 4 9
4564 976 8150 6895 3103
623 1837 8765 472
844 363 7226 2902 7473 8167 3561 9932 7894
10
460672 7397660
3254440 14501278
608048 18245084
3254440 13274162
9539205 8801240
51335424 16395918
6517770 16286640
14971550 525812
15960912 80487512
3226446 48376640

9 10 2
3803 1181 661 997 5347 1087 5477 4517 8171
5261 7331 1091 5879 8699 4409 1019 2333 7333 3533
719 4289
10
25691243 4619243
11649181 11244253
2755273 4227001
2208247 47966999
10273519 25215031
55218539 4542721
1185917 5270989
7311001 25215031
15973667 2965129
71079529 5270989

8 7 8
7372 8398 2004 1929 6695 3252 9901 1449
7492 678 6714 3568 4290 1980 8421
209 6761 7533 7568 3379 8884 4245 4965
10
27385092 15146160
1358712 38112360
22074222 1307768
27385092 38112360
34836156 1669536
28954525 119425
43228438 22001816
62079612 3366270
5170032 6023352
15118080 23200821

3 4 2
4721 4481 3511
4549 5849 6917 7907
5659 2521
10
37328947 11468029
79794133 2534599
40272143 17507597
27613129 39143303
4963733 5596447
24285587 11468029
24013369 9551363
27761477 33099491
19862159 58378157
27613129 44745713

6 6 5
8697 7364 4110 6851 8318 8496
5832 5463 3264 7702 5216 6768
7392 9269 6282 4858 6055
10
47511711 36636624
43498704 14834040
94770056 22656600
50720904 62732592
22361664 38556672
14375740 29149527
23969520 25339328
43010847 20611162
22361664 35312760
21041618 4209414

8 4 8
1067 9856 3493 3650 3700 352 7106 979
4267 8334 5132 9853
4171 3031 2162 6843 1041 2421 6336 8879
10
70015418 10330407
13002850 26377309
47062278 20567898
20435040 40582290
236208 15177124
30835800 29199081
10690704 55174196
3468256 52804224
30321302 41096863
2933568 23854113

2 2 5
6201 1306
8563 8820
9485 975 4171 1034 1442
10
14574231 93294760
47072785 6430809
51993072 20669136
54692820 8348925
54692820 35716273
53099163 83657700
53099163 36788220
42948730 32169555
8486156 54534781
54692820 8348925

10 10 9
5391 7651 9654 2916 4008 721 6972 6309 5715 1763
6198 345 5715 8448 5220 2059 7338 5247 4060 7814
4199 515 9645 8445 6685 203 8048 5952 609
10
56143038 56474880
41936670 17047940
20921760 2776560
14401380 10732100
31318512 36890496
25125828 894400
18073368 4758726
57995602 39361644
18662301 33815040
14168791 29965642

3 10 7
2577 9021 86
3010 8814 9984 6391 304 38 8240 2974 1200 5871
2832 8035 2701 6844 2545 45 961
10
19886175 1396656
26828454 9642000
504906 292144
7663998 3054000
41578664 59762848
8558512 80975730
8763742 9086275
14382924 8567405
342798 2442640
342798 80221440

5 9 10
7717 547 557 9803 7727
1087 1697 3331 1567 9067 2389 3671 751 2267
3181 8467 3313 1187 4903 7079 839 2203 5903 6053
10
18392279 45837977
25705327 9485051
2008037 10595911
2044747 1423783
12807581 27779429
23477593 30715693
12108209 12162023
18459803 2388931
37019189 32517367
45174919 49692571

6 7 4
6961 7607 5273 6053 283 1823
6553 9767 5081 9623 8563 3583 4057
6619 9041 9157 967
10
58248019 59245673
43124083 4086769
30861599 9444689
15493139 68593277
27255881 89436419
8168051 81553057
37616963 2009629
7069039 38195959
18893159 78411391
9262663 43374307

1 7 9
6779
5413 153 6375 5990 7220 8620 5022
3486 1820 7617 3408 74 2964 4963 3416 106
10
16345120 4820256
43216125 371628
10249294 66159954
43216125 1165401
86698375 35232780
34826880 80791420
48944380 371628
6537534 37800033
34044138 25168920
34044138 65658540

7 5 1
7609 7688 9775 8116 8103 1588 2641
9344 4729 4537 208 5130
1508
10
7509652 313664
1688128 14090752
3992022 40536540
12198945 9733761
24677504 313664
93897615 57277385
549328 7131332
5166176 21667030
35982961 14090752
10162928 42433270

3 10 6
4832 3646 5206
9571 9237 7892 6702 3801 9896 9523 9600 957 8850
7836 3809 38 4473 7028 9549
10
35001600 17001873
27524430 13675792
4982142 77545056
28293882 27822150
49826626 42940800
25774452 4395762
36080816 363698
18057600 16621341
50250275 8966394
4982142 336300

1 5 2
7333
1321 2803 9923 7759 2609
1867 9043
10
38148541 2467561
20554399 89733689
72765359 5233201
33777529 2475607
9686893 18526241
32504183 77303
72765359 4871003
51793517 23908769
9686893 5233201
38449843 1483639

8 10 6
6416 1164 3717 7309 6996 1504 5378 758
865 7913 3681 9898 3544 1235 5111 5607 7323 9195
3874 2859 423 2845 4739 8249
10
3874138 16795016
1446808 4911852
10702980 29234456
8204234 3291725
23617296 28298382
39299508 25183392
30154446 4099235
1857440 21721518
18679530 5779116
12240390 17052383

6 9 2
522 172 4068 3079 9654 2003
6522 7094 8818 2278 4980 1924 2800 2839 8321
163 1398
10
1516696 1356323
2477812 48251998
11639199 11929834
85128972 1156322
46890816 36315772
1220168 12327564
2504972 74668581
1516696 313612
45306150 7595641
5923996 3968922

2000 2000 2000
552 7008 1569 9346 8475 4050 7049 2112 9308 8345 3776 7977 627 9452 3421 5354 6585 2239 3600 2608 6125 39 6874 7892 4679 9371 2851 2274 5330 7602 8723 5881 961 6644 1578 9435 693 4979 7899 10000 3323 1674 4328 302 1125 7748 5655 4061 6338 9254 3021 8814 5644 9894 6706 322 9264 9556 2595 945 3510 1317 3178 4470 7960 1107 257 5004 6085 8155 1355 5760 6180 2034 6061 3657 9782 8067 7717 2471 7320 737 1285 9315 6982 7990 9636 2597 3897 8582 3542 7406 6250 3071 8228 562 4177 4836 1917 262 9342 3272 2373 5521 5305 8433 5529 1438 6499 3246 3909 170 334 5193 9484 7316 9534 5471 9912 3430 404 9805 7188 6653 2875 5415 7214 7052 250 9131 3665 9591 8754 6037 1463 4058 821 6992 1848 7319 6589 2108 3840 6922 3652 9675 589 3185 5145 501 2966 5548 6657 153 8552 9532 5567 2118 2935 2168 7600 2951 8110 6353 5339 9573 6762 6159 6564 8609 9829 9504 7068 20 6425 719 9694 7014 255 4838 3866 3221 6737 3373 1640 6405 5292 3757 5691 7459 1356 4993 5569 7708 331 1493 822 2841 8056 5782 9021 3911 2850 9040 335 3568 8733 3700 3823 9922 3917 7043 3010 791 6767 4650 3547 2058 8406 5590 5869 9762 582 1437 3821 7265 9281 4642 105 3688 424 5478 7598 9625 4517 7932 3192 9602 7984 3366 9523 8252 408 8885 5394 3527 3534 5293 5584 1939 882 7804 8052 7815 9240 8225 5079 4872 9218 1536 8559 9641 7013 6156 5617 7881 440 8809 7482 8423 2174 3357 3026 8934 2241 8420 8812 5774 3712 4395 4064 2199 8468 8759 7790 6692 190 2662 5909 1725 1220 1902 5089 3728 7518 2969 4167 2678 451 8941 1204 3807 1966 6489 6047 385 5300 8172 448 6046 2235 7744 4596 7054 6503 2386 97 3044 1399 6006 4768 8970 4259 9856 2697 8128 2824 3215 7158 9626 2155 8361 3432 4121 4849 5830 857 148 353 1305 2545 8940 9048 7141 5993 9526 6090 1297 7276 8447 6064 9057 2271 1646 7184 1447 4860 4341 7424 7015 9053 7208 1135 3901 3037 8343 400 9742 9647 2945 8681 5047 85 4673 3300 5962 7114 4597 9589 5560 7012 8537 4616 5635 182 8152 3433 5042 2492 856 8408 7897 8063 5894 1797 7452 4236 8549 7193 235 7845 5873 5281 4281 6897 4932 242 4011 5880 6182 5922 9244 4718 538 4878 4900 8689 8310 6293 7532 5517 4700 5428 3580 593 3577 1031 4828 8477 8223 5062 6321 447 6694 601 7343 7978 7194 1353 209 3375 7275 4444 4164 681 5695 9204 5342 1987 3087 859 3038 4867 4438 9982 4795 1820 1162 3271 6394 2575 6840 5621 6543 4182 3598 88 1887 158 3462 5513 9610 4257 6028 6642 9952 5231 1984 1938 4669 2842 1328 9535 3631 1309 4329 5450 2470 3951 1843 1397 9893 8682 7017 6435 9215 614 2874 1101 7123 6335 2965 6732 6944 8992 9726 6895 574 1709 5184 5243 902 6511 1129 4532 4172 1810 6333 2993 4527 4389 5653 9560 1405 8439 8774 8370 1313 6227 5493 3999 9191 8576 942 4535 8301 4188 5108 6361 9372 350 7262 2234 7831 8145 2757 9640 4477 5750 5399 9003 138 7403 8562 7895 2194 6264 3506 6266 8108 3856 1808 6684 1150 6342 1336 5337 7802 7697 1060 4503 4958 9646 2333 3103 2402 1972 3931 8151 3723 9286 4641 7477 7847 2535 9670 7886 5150 9527 4151 3258 3383 2311 884 8652 3980 2572 6453 1676 9984 956 2986 9629 3288 2440 2030 1612 6370 6533 5334 1173 2810 9854 59 8832 7739 1560 8358 8242 1169 8092 7461 8975 5555 1441 8360 9468 7882 2453 7510 8954 4892 5891 6917 7614 2423 8602 3268 9947 7764 3121 6357 6595 7212 7917 1304 1805 9085 9396 8708 2898 4722 4262 4338 8972 8973 157 6853 4639 2610 714 3593 3853 6605 6861 1466 5379 5463 4734 5326 9578 4206 8034 6172 7769 5950 3827 5925 5035 3222 4632 4296 5246 8621 3267 4218 8777 120 5209 7738 7185 8801 1591 3789 2013 3056 5520 4141 7197 3404 4699 5230 5927 8819 1180 9754 1096 2566 9327 5727 6849 3622 7324 5469 3241 7894 597 9712 3102 8335 6896 8254 9925 7037 6618 9332 2556 445 9825 9752 3848 875 4981 9775 9693 2512 788 5077 5206 2867 1925 8828 6542 3745 787 4342 8131 3888 2676 5026 8493 8952 2062 5111 4635 969 4459 720 5754 1685 2053 1880 1378 4564 7759 8517 9317 7735 4496 629 1662 2915 1415 6003 1045 1655 5030 6070 147 3981 4484 1609 4967 5452 3515 9426 7462 8224 7500 8839 9139 1611 3708 8779 927 7794 6696 5422 8422 8357 8336 9837 711 9380 1491 5740 1801 7989 6072 6284 1038 1736 9464 6815 5084 4277 8834 8936 9467 7972 546 1472 9798 6893 2093 4506 5228 1929 1568 4607 9771 7307 6407 4112 9730 9043 61 7119 7130 5876 286 1388 7312 914 6573 6247 380 4544 3144 6258 3998 4615 9929 7859 2021 4652 3086 3950 2571 4044 72 9877 6802 4183 5958 5844 595 9429 2973 2823 9714 712 134 7284 2732 7358 8180 2227 3615 2177 6841 3543 2324 5564 3327 4136 5865 5898 8179 5936 2126 4980 6471 8084 7176 7065 7512 9887 7225 860 6372 4203 8143 5455 2674 7681 5175 4851 4521 5069 7174 5571 632 500 9706 2848 6397 8784 8523 5568 5254 2958 2743 8670 6821 9242 4909 4045 101 1280 4599 6735 6158 7269 4415 7684 8471 5288 9105 858 6088 6144 6916 8892 7503 4071 7414 3070 5676 6723 2164 4345 1406 9253 3939 7858 6885 8805 3619 1047 6074 4385 8730 896 9672 7834 6540 6882 3922 9035 3797 9209 7926 7651 3279 1692 721 8414 9236 3298 8309 641 8903 2247 8499 5787 7136 7303 5757 8182 9728 141 3263 624 9813 7449 7722 2549 6842 6930 6826 844 208 1564 3283 7152 8810 7792 189 6290 9850 9945 1958 5505 6024 2099 8768 6647 1911 2568 161 4956 289 9061 8149 7218 5887 3777 4403 6908 9289 4037 4059 4450 1979 8202 8514 4715 5843 6673 1348 6811 8771 6467 9810 7033 9034 6322 8340 9322 5383 2840 2891 7621 8183 6667 2023 5090 2307 2412 5500 6756 4390 3702 5269 2909 4545 6336 8752 1684 3008 6451 4846 8130 9269 1007 1514 4654 7329 6205 327 9063 9044 3217 6683 7226 6235 5057 8668 8541 3820 519 5296 8210 572 7470 5116 3252 2573 3151 2611 9023 7997 740 4643 8605 9296 2683 4809 9622 8097 204 9190 4779 3781 1776 6188 8800 316 7 5671 1964 4568 6242 8880 2038 1358 8483 962 1093 9985 8856 8184 979 4211 6788 275 3245 7948 6248 1342 5438 2472 7213 5011 9787 3881 5018 5457 5937 1698 1075 4326 3055 9557 267 7001 1624 5474 2602 9684 1971 9228 6270 5476 6974 772 9445 1758 829 808 1544 4709 5825 7000 6904 8113 8698 4330 2439 8104 238 7726 7238 9349 3844 2421 8302 9879 743 7530 9159 3005 2484 4135 6621 5893 9088 3788 8510 4912 5413 9376 9485 6095 1814 3940 6332 2310 3570 2505 5990 2383 6733 7422 96 6778 377 4231 3398 8657 6475 846 9355 9007 7401 1120 8383 3237 6548 7177 3545 5838 3466 4029 8342 9456 3921 7076 2540 7694 1321 8987 4471 9569 7868 6043 5066 802 2657 4420 9808 6409 1891 4542 9104 7442 3174 9001 9880 9011 2466 260 3704 8273 533 7131 812 8226 8452 6151 9049 6501 5719 3206 1762 8333 4007 770 167 7178 995 3175 8501 6348 5451 8380 1710 4268 4992 1765 2541 5524 8896 9704 3749 7347 5854 2797 3847 1573 6065 9686 4397 3763 6807 9853 281 3984 848 1340 3511 7298 9841 6210 9100 4572 7920 3367 9563 5907 5086 4931 1963 5187 2277 7816 7983 2475 399 2231 5425 1148 8583 1000 6273 2567 8199 3964 2429 3804 8638 947 4728 666 642 2593 2924 5728 3875 4886 7266 6152 9054 5248 4978 4793 1999 3560 6570 3146 9552 5152 4145 2176 4070 2344 6498 4191 6295 1488 1490 7374 4396 8016 3340 5078 95 7215 9964 7360 9718 5369 8959 4695 957 3082 4102 4158 4586 2686 8655 3294 5177 1505 3836 7823 2992 5325 1549 3739 3831 9564 7079 8909 9658 4293 5224 3369 362 592 2327 1408 7104 6014 6538 3737 6524 1123 4687 5561 9777 4332 7089 7633 8168 4911 9844 2811 715 3675 2374 7793 8935 8437 8103 8798 430 6557 4556 65 9094 2215 1192 1006 8344 5523 8094 5976 3690 3004 2952 5815 3666 4540 1458 2494 9275 6246 6651 7377 1395 4103 7806 7951 8658 4222 521 6103 727 5966 8317 1918 6971 6660 3792 5064 8988 3834 7367 6586 5604 7278 3413 6751 2773 4128 7404 3227 8285 1884 8859 7986 9585 8192 2655 7854 1515 5666 1645 2930 4653 7349 2943 9196 4898 2825 7763 4513 4319 1719 1722 4945 3181 8487 5654 1166 4423 3845 172 8628 1711 2190 6624 3194 2102 8341 6137 7649 1034 474 2741 5696 9420 3605 14 1139 4949 8088 2435 4577 5615 9415 7168 3133 3837 1012 3304 8816 9075 1845 5439 67 5039 3892 4759 1175 7893 9737 8560 8829 607 4137 8786 6973 1627 3734 5060 4062 4662 6574 9676 4076 3741 2808 4264 1104 2464 9431 178 4308 4869 6596 8761 6872 7443 1784 1370 6272 8742 1858 1409 5714 5142 773 3898 6155 7346 6582 1086 845 8542 7900 5071 2207 1495 1667 7905 1128 3259 9263 980 8005 4494 3718 9026 5987 4491 2141 8188 5551 5074 5626 5918 2534 2544 9237 391 7255 5349 645 6627 6476 256 3442 2091 7587 2879 6776 3725 164 2153 9711 7779 8204 9194 3330 3277 1171 4316 5547 6850 4442 925 4294 4832 9642 1829 4806 2469 8436 4559 6022 7478 1005 9150 1202 1302 7264 8526 5433 1819 7719 8762 5096 8889 3077 6994 577 6278 7787 571 8971 6033 799 7190 9033 9234 1789 9943 1607 5618 948 756 6819 8410 4082 3345 3842 5901 1064 8955 7348 6304 2031 3233 8479 3801 3470 1795 7011 7179 184 5151 7121 768 5250 7586 9239 11 8020 2584 272 9999 9158 7619 2654 7541 4663 2238 2201 9493 7431 9496 5577 4244 6507 2755 4428 8009 6228 8922 647 4171 2714 6238 7085 8821 7356 5171 9895 1326 7824 7435 5988 62 9635 5481 9736 3417 9232 8994 9369 2090 8100 98 4327 9069 5226 9592 4292 7563 3773 1376 2735 4509 8732 755 57 2080 4541 2397 527 4229 8229 3944 9354 3812 8722 2253 3740 8870 8702 7938 3928 5744 7529 8219 3306 7653 5946 2392 1029 296 5620 7438 2375 9834 868 687 5448 4630 3415 5611 270 2136 7863 4010 8428 5295 6843 9175 1413 3828 6828 7359 6219 1693 4739 2866 5240 7472 2009 2459 4511 2422 7906 9140 5836 9868 5762 4324 7730 1680 646 4550 8720 6149 5253 8899 9328 8963 1469 1020 53 4334 4683 2229 8507 8384 3017 3011 2641 8508 5198 2509 4269 9521 6590 1201 3587 4940 4526 7427 7026 9031 5261 6729 3724 1062 6625 6987 3265 6281 6576 4362 4788 1773 5409 1294 6164 2151 8846 9750 3443 3371 3528 6749 8910 9453 3254 8146 9529 9208 4287 2546 3903 4192 619 183 767 1332 1322 4554 185 7069 5233 9030 3170 8675 3050 1852 1959 9896 5213 8042 833 3601 1471 6193 2498 5373 3116 1907 4447 3228 5352 6578 2420 1942 2920 7063 4991 7750 8914 6949 7646 8513 2039 7402 4079 5639 4488 596 7603 2502 4510 8401 2082 904 3753 4743 3833 2524 5792 4465 9206 5807 6008 8119 2756 5 4689 7620 2043 8442 1699 4033 1970 8520 613 8977 2474 3115 9838 5196 741 4574 3502 5277 6717 3535 125 9542 392 9547 1432 3204 7941 6226
4902 1974 9891 3223 6845 503 2199 5671 9969 8388 6545 1516 5481 7523 7805 54 7376 3081 3122 1694 6615 5395 8171 6157 5786 3754 2055 3570 6957 9995 9795 1858 8320 6037 5080 1517 2891 3630 7187 2860 2018 3731 4375 7498 7605 2180 3903 4980 1612 3376 3026 8227 8770 1196 735 907 1301 2789 4476 8258 9135 622 115 7455 6658 1547 8971 5901 1528 2509 8760 9897 6239 9486 7394 195 8017 7648 1526 9629 7375 4551 4207 6144 2098 4941 3403 3399 4081 4230 1656 9567 4852 8122 7021 7861 6020 2343 3761 7548 4851 8872 7444 7441 4710 1190 7635 2726 5189 9161 8706 2564 63 2912 5059 2161 4204 8461 1911 4636 2691 9918 4203 3894 8039 7575 1754 411 1867 7958 1120 738 1753 8561 5447 2942 2547 4525 8131 8059 3230 694 2494 2104 6634 3049 565 8544 4037 9607 8239 3500 2851 2165 1605 3261 2082 9823 7570 9554 561 9323 4466 2359 8616 7012 6883 3098 1423 6465 143 9544 5310 2247 2529 8358 9163 1072 8746 8769 5884 6984 8620 5086 9149 6576 4699 7582 6399 2268 3487 6959 7942 7952 5669 2910 1316 8904 6007 2738 5368 6150 2281 7029 4748 1161 1738 3910 2232 484 2678 4467 3819 7649 9552 9319 4224 4250 3253 2870 6739 3932 811 4691 9601 72 2358 4856 6079 5095 6575 8580 3727 3603 9679 4887 1692 3588 3470 2175 2617 7936 5994 265 7487 1664 840 1737 4916 1462 4606 1655 1745 1768 2697 7697 8192 5054 2552 6500 9126 5553 226 9080 5231 5112 772 8818 8581 2946 7786 6516 5291 8050 354 6955 8889 8442 8222 6702 3047 9876 8447 1167 8924 2495 5710 329 5047 6331 6828 524 1883 7053 5956 7113 8516 6727 2282 3448 6024 67 6315 7667 4468 6669 973 9708 5110 9194 2762 4509 5422 7560 2027 4345 7736 4674 1452 418 7853 1976 2300 1258 7931 5764 9773 1009 4397 9573 3384 815 2239 1050 5282 8907 8374 1341 369 7568 4102 1229 2989 1661 3685 8067 3694 9518 463 2563 7845 172 2127 4877 9944 3135 9273 5868 2871 6439 8107 3920 1720 3365 2294 9412 85 6213 3514 7665 9201 7271 9237 5944 7316 3947 5462 7778 2861 3306 6891 3032 5433 8119 9327 4919 3743 7789 181 9653 8061 8252 9369 6706 7664 9454 2918 7529 8470 9054 7093 4058 1350 4408 8004 6811 8538 7216 6468 5428 6599 9899 5926 3171 3641 3824 7311 3822 3476 1723 2073 9196 8428 9736 5001 3616 8471 2518 9022 5563 371 6322 931 7181 4859 8147 10000 6639 1097 6537 3374 7774 6529 7197 1436 350 7024 3159 8775 6220 7938 4862 1220 5635 8478 9690 8152 7499 1604 1079 7869 7926 2010 1401 2784 6508 1400 9422 7604 9651 2310 978 3776 8839 8174 5212 5540 1550 8370 4314 7769 6307 9176 8988 8293 4005 5030 6445 1503 6633 5723 4558 7123 2391 4874 9467 1777 7324 8300 6967 1849 3511 2506 3398 8232 6820 1166 4539 2347 6506 2831 2703 7887 5627 4205 871 9502 6279 5429 5385 9753 5474 4128 4626 4940 474 5502 6716 7797 154 3682 5997 16 6188 9395 8248 9359 6912 9138 8057 9769 759 4007 299 1315 4878 9800 7593 1536 3697 2131 5663 8322 7070 2488 138 6636 3977 171 2633 344 6358 8379 8591 2068 1642 7728 124 1411 2400 7234 1769 2698 8548 6646 8849 2492 9655 384 1785 2399 4510 5207 4886 4685 1696 1522 5013 1866 506 5356 8224 8884 6643 525 4378 3119 8287 6777 352 6408 5826 5252 3053 7743 9060 5058 3931 7196 3808 4792 2402 5045 5828 4097 6566 2315 3423 6890 2306 9197 3532 9183 3575 6650 3821 351 3354 228 6177 8605 9633 850 6347 8692 2259 6629 5887 2418 7772 4641 7463 3599 5089 380 790 7403 3803 9689 4292 2460 8885 7824 7994 2459 825 1815 9162 4178 2042 1690 9134 8026 2539 6717 1150 8956 9919 6233 3596 7381 9831 5036 4113 6973 2439 7915 6661 3082 6726 5545 7257 4720 8082 6534 7165 8611 4927 8854 7745 2953 7744 9577 9669 5245 4389 4976 5164 621 8571 8896 6804 9959 3008 2397 7274 436 1830 4000 5980 9087 8719 335 3520 3851 8482 6530 2704 6226 9482 6800 2154 5503 8396 6543 478 9911 3515 5401 8807 318 5359 8166 4093 4107 5440 4528 5936 9439 6860 1374 8157 7194 4893 9760 7397 3375 6289 100 5952 2123 3251 4458 7625 7999 1000 4454 7909 4514 6206 6715 1184 7916 4881 5276 2022 6672 6156 4310 6110 3015 5683 618 6560 6928 6729 3956 302 408 2605 1491 10 7062 5467 8008 6273 5917 8927 2478 8983 110 394 215 8767 6886 7892 9428 9347 7258 1463 9964 170 8390 6692 477 8691 6061 7236 1295 7246 4709 9370 2769 1994 3873 8047 4471 2856 4508 1216 6245 6335 6308 488 5762 5654 4098 7224 1970 4267 5613 1095 655 1073 8331 8302 1328 1928 3010 7049 2130 9042 7405 9864 6612 1036 1080 6033 3632 7414 472 9527 698 4569 6751 2667 5187 8715 7679 6281 5722 5104 4611 4023 6431 6538 3479 6422 1865 3826 8393 8735 6789 5781 6166 2821 9931 7865 6235 9458 8562 7155 2560 1228 2341 7626 8906 4974 3347 361 9584 3721 6791 2474 7104 6621 8895 8969 5492 9072 3713 579 5860 9493 6744 5032 5257 3027 2896 7843 2484 1457 4998 1395 9036 3690 9020 4294 8663 2367 4654 4599 6087 1445 7072 9543 4417 2318 4863 6261 1389 8575 6839 3600 4420 9934 4983 6028 2960 4231 3870 5443 5687 5219 3189 1075 5261 2209 3923 927 6373 8521 7817 1944 2907 8586 4261 4846 2001 2696 1684 5600 3467 1617 583 9494 4577 4813 9715 6371 6851 4934 9560 4277 6546 8120 9644 468 9046 6017 5341 2410 185 7284 1669 5122 1545 5789 9967 3545 8484 1650 5497 1950 9619 2431 7795 547 3595 7510 3269 445 8795 2828 1074 5340 7299 717 2159 3085 5106 9622 1135 6774 4743 2679 2562 1062 2575 7398 2711 4423 5699 8681 6853 3494 9227 447 1003 2496 7244 6149 1675 8317 1488 5326 3646 8021 4822 7497 3126 795 8631 6251 5537 7661 5165 6598 6587 8914 5661 1010 4612 693 4214 8105 6272 1013 5459 8256 1607 6793 2924 9446 2118 4660 3092 6491 9481 6940 9616 275 5570 2219 2164 3735 5113 9816 2648 773 7177 3611 7818 1391 8068 4089 2403 3526 9207 7010 1485 2351 6285 7282 4469 944 373 3664 6926 9233 5496 5566 2462 9230 679 8630 8229 7803 5806 1840 1972 3548 6259 6060 2302 6136 5266 9311 7620 7617 1947 8437 1626 5747 6019 5290 9024 9421 874 872 1339 3336 6453 2017 1034 6171 2873 8143 4022 5483 554 6323 1618 2172 1986 5590 9788 491 4576 3174 8468 6674 9192 109 2049 8613 983 2920 6303 670 5725 8319 5338 6758 841 5811 5982 5335 9832 1464 5889 6155 4412 8140 8670 4199 8423 5512 5126 1597 332 8151 7140 440 199 5752 9471 8406 4795 5195 6724 132 1952 3917 5943 7933 5603 2126 9396 4632 8828 2254 9123 2804 7546 9361 7929 9142 9692 6484 2630 8385 4257 8452 6790 5404 9866 5535 1949 134 7829 9881 5736 9955 5628 4586 4455 2184 3709 8304 4988 7606 9268 6747 7356 1699 9379 3839 680 4115 4448 9131 9851 9128 7122 1076 3607 9566 7308 5694 5872 9287 5624 6809 3741 7808 6869 8397 9147 4474 4766 7572 9768 2816 3303 3495 7417 4406 8977 4673 608 4456 8146 2344 8104 8261 9190 3798 8476 3645 8569 3580 513 6965 9078 9377 3844 5262 9144 6659 8564 9102 2333 9859 5482 3357 6818 6290 7855 5514 8172 5958 126 7362 6107 610 2189 5528 4254 7109 1118 425 4537 8808 9801 8380 4070 5297 1390 8985 750 7895 1317 609 9729 1026 3778 6018 8880 9291 4189 1189 9417 7902 7296 26 6443 9175 631 3551 4633 8100 328 5521 6908 6480 252 977 1776 9961 2526 9536 7630 9264 8655 3263 5281 3886 2554 9470 5074 3723 8721 165 5329 68 2528 3428 395 4400 6687 6874 4652 4015 8650 6293 7527 7957 3364 1444 2963 2978 3076 3200 5531 8897 4625 204 2620 3346 1240 230 119 9597 4519 3048 6471 9170 7063 1472 7390 5350 7641 1698 8713 5436 8512 7859 3573 7408 2483 6379 8678 3420 5259 8365 3538 1620 4668 784 3577 1730 8607 5390 9119 9383 816 2668 4818 1827 709 3329 4281 7089 4871 4409 7051 3086 8981 470 4696 3698 359 6316 8011 4767 8794 8343 9064 3752 3733 8182 7707 3115 5349 4284 7175 3786 7613 9563 4419 1053 4433 8827 1483 8264 2959 2311 5626 7077 1771 2023 4103 1855 8161 1321 1904 1238 5605 5430 5023 3217 4992 9441 9425 4619 5139 2882 4990 2859 2193 1521 96 4949 778 6719 2800 901 8574 9356 5413 9894 7611 5498 3041 8025 5066 8032 7465 2038 7456 2084 4715 8518 3925 3509 7056 5445 7151 393 4808 3950 3463 3959 1202 3314 4634 7277 6483 317 7640 1549 4700 3586 2156 9892 7114 3222 1208 5632 7146 1069 9039 2590 8747 6189 9334 3554 6490 2796 7512 7692 7536 7178 658 2169 273 8651 1122 4265 6551 5821 5721 6489 4328 5612 3602 7549 5585 4694 4239 4623 3635 9337 7164 2968 9242 5 2116 3106 7696 6003 6635 8353 7440 4978 6821 9724 733 4962 6212 5061 6925 6165 2609 95 1750 3655 686 2724 7289 6374 6609 5616 6244 5076 291 1078 1707 8644 9146 3621 8772 7706 2862 8495 4790 4175 4706 9850 7451 8811 7545 8972 8817 4582 6105 956 638 9065 2923 6881 492 7995 7171 7921 9701 2166 8846 2138 2292 2903 4999 786 5525 1844 2975 9066 6872 8037 1520 2435 3976 3072 9393 8034 9952 9884 3475 4157 5728 1992 7676 925 4130 6319 179 5480 3457 7871 1005 5300 1764 331 4365 819 7202 8753 8690 5007 1187 9017 118 611 8409 4504 562 4645 531 388 8801 2611 2380 3535 66 8340 2603 5696 6051 6027 4970 3221 3228 74 1910 1260 926 1056 1870 8784 2441 5523 1403 8310 1290 1355 5454 6410 9290 1149 7015 3527 8336 1264 3107 9525 450 5099 7890 7009 3025 5802 4900 7204 9153 2962 8493 6267 6769 9847 8072 9531 5488 5572 2897 3531 9099 1233 4794 2205 9641 4318 6248 7699 9903 1059 2927 9129 7826 3780 416 3331 3093 5260 5949 6214 1459 4020 2096 3298 6829 1393 6224 7974 9949 2217 6197 7877 9763 247 7779 9721 1305 7058 5201 4517 4883 4932 4565 4638 8001 884 6733 1299 6827 1725 4479 4571 4300 2452 4520 716 745 7209 7314 4875 3282 8618 1932 3167 7462 7731 7312 8244 6876 5312 5479 3609 2305 1685 5984 7747 8852 7338 4814 5948 4547 822 7828 744 2754 2661 5920 6475 998 2 8309 4597 5588 9973 76 2934 8732 7232 374 1959 3216 6617 9705 8419 3954 4518 4366 6644 3740 321 6563 7670 6565 6878 5979 2303 7588 5236 6320 1596 1961 8278 4811 8577 4335 9581 8883 298 3734 1848 5485 2765 5587 6128 2621 9928 9255 5850 2258 6767 4666 4560 4355 9030 6148 7026 626 8108 5303 1788 3037 5989 7721 1919 1193 8018 5652 3040 9854 8416 8672 1843 4278 4044 5773 7396 5062 8102 443 6479 5127 7420 939 6782 5560 3975 2770 3280 2245 3962 7896 3353 7503 6312 4682 9836 5534 8269 3729 1784 9136 7556 2883 2833 985 3276 6111 695 2892 2606 8334 2014 5885 578 2327 3534 4825 5680 7388 7488 6713 7223 3022 4982 2081 6750 6765 873 4320 58 8558 9685 3897 6731 9986 3140 4671 1505 5221 5248 3832 6425 5863 2493 3912 6067 3285 4499 6386 2066 7259 4991 8868 9901 6653 7000 1879 6901 82 41 9418 6535 7897 4639
8135 1728 6096 4559 3942 4941 8470 2869 1007 1755 424 5506 8140 1096 3923 1750 2438 2790 5417 2338 9443 8768 4217 6343 8850 2433 2735 8267 8967 632 9257 3453 8711 5353 8011 9005 6645 2833 1873 7651 939 2296 9508 9078 9743 3431 7180 2181 6220 2596 870 2014 1364 1438 4709 6565 3870 3795 4831 9189 4426 4088 2641 9489 5792 7004 8493 2436 9836 365 6438 774 9012 5946 6203 5107 5728 3382 3639 8299 2330 4508 313 3693 2298 5021 257 6167 5167 1439 5355 9593 1878 4348 5433 7669 1351 3925 6456 1186 641 2894 8311 6004 5191 4513 1110 918 7895 4748 9216 224 5608 5880 268 7905 7252 6876 423 2419 8314 2130 2011 192 6477 4212 4179 4071 668 1716 4711 9913 26 7066 1455 890 8176 2372 5136 9275 7939 5359 1234 3819 1978 5490 1070 5205 5913 3488 3519 8042 1850 62 5644 625 1400 6066 1292 3115 776 7556 9492 7842 9010 381 2369 7733 5517 7995 5672 7227 9229 9490 9205 6911 761 6982 6751 4279 1375 4952 692 8596 596 1317 9995 3013 8960 9461 3789 2868 8952 7982 1877 9333 6702 5962 4849 1048 1633 2075 6628 7474 7631 7698 736 8392 4679 7486 9022 2406 7353 9385 7382 7348 2397 2693 6808 2537 5560 2112 6870 1444 3571 9750 2644 971 1382 4718 7598 5207 8701 5295 5942 3444 6326 9780 2465 8731 2217 8530 6083 1601 2263 9782 349 4956 2942 2886 515 5053 9755 4303 2848 9678 404 5491 648 8137 6560 4597 3343 5260 9892 5637 5055 6217 5416 7520 1299 7632 2401 3733 5584 4664 9867 5932 9619 2808 5169 6485 1276 7140 7059 7305 3895 8901 4304 2032 5460 8900 1726 7072 8791 7362 2126 1359 2777 9645 2657 6760 8398 2742 8695 3061 2608 979 9031 1767 6147 1867 5978 3774 5358 9388 1078 9253 8288 5381 1284 3747 4281 3009 7170 9423 6723 9296 782 5851 5292 9790 2611 3689 2531 7657 3101 5138 8635 8483 6904 1134 350 9233 4907 5707 8620 2337 1311 6907 7717 2594 7006 8349 1955 4175 4124 8677 3470 4905 4527 8762 4694 3489 8802 7225 1146 8255 8714 6132 6737 1970 3617 7086 1202 8524 9145 9822 7212 6807 6728 1280 9401 9629 7707 7908 3752 6383 7729 5008 7261 2842 6053 750 1644 8247 9898 8343 730 2986 312 4347 72 7865 9222 5568 7686 6433 2374 766 7712 8126 850 3692 5832 5109 8566 2838 5154 2179 5679 1207 9280 3674 835 3878 9923 5529 4607 2909 2192 5305 9332 57 4526 1251 7742 7310 9976 4859 1374 8102 5709 5065 285 817 5212 5203 6 7381 5685 1571 6660 5710 8758 537 1985 4286 1495 4893 6478 6800 576 6534 7677 1826 627 4987 8153 5486 2712 2606 7546 7776 2891 8362 9339 4445 8368 9704 8177 7626 4836 1724 4449 7021 9570 5693 3498 6369 2620 398 3361 5384 8950 8846 8095 1555 6391 2222 1105 7913 5241 5824 7616 3417 6227 1593 4604 5043 4328 2679 7700 2249 1536 7549 8617 4156 3931 9014 7291 749 3901 2489 5195 5456 5231 3769 6252 2687 1681 1493 8510 5648 1261 1088 7240 5865 6131 7919 8543 1974 5618 791 9861 3166 5760 4016 3448 1125 5320 7091 8226 9220 5931 3420 1027 1161 3540 7279 3848 5220 5123 8709 867 9797 4459 8599 2279 8729 3494 604 636 464 3864 6395 832 3664 3872 6151 754 2097 1722 3036 1868 2749 4196 5408 6379 4395 6979 7853 9456 7846 587 9252 8656 5538 7882 7384 4837 8082 9666 5300 8298 2413 2483 1961 6284 8633 9066 4732 6707 2101 6599 5807 2648 8358 8537 3395 5337 6389 2850 3182 3327 8453 8189 8864 6334 5572 4246 1170 3654 3912 2821 1951 2676 5304 263 8959 288 9328 3690 6994 7780 6640 2800 427 4998 7688 3821 6686 4076 3022 6219 3755 1474 4407 2618 4159 9978 6864 1680 9983 7127 4501 1933 9802 6156 2195 5112 6443 7874 5153 9789 5653 1792 8940 2432 3141 2604 6178 7055 5626 2396 809 7099 6802 9779 1258 3132 2994 2937 3114 6472 1399 6273 9944 9945 7736 2739 4171 2888 8879 9823 1031 4170 8606 524 797 1210 6701 4204 6835 5449 8602 1142 7894 1733 4135 831 1199 606 2597 3230 7267 8893 965 6357 3063 204 5235 9238 7587 5756 7843 8110 2905 5404 1162 7108 8590 6610 8471 8875 9613 6768 3296 99 3950 4494 7057 1273 3442 286 8539 8687 7603 4895 1749 4158 6481 986 1744 2236 5181 6205 5140 584 7367 9174 328 7070 4400 1891 3034 1167 5187 9484 1469 6032 6540 2741 5826 3178 1279 4512 780 2525 2612 1289 5357 9950 3033 7592 5130 9237 9084 2065 6603 7682 7590 3283 1103 1989 5173 4136 359 3620 976 2743 6511 68 4920 9688 9431 6819 6574 2042 8108 1930 1140 9521 3472 5537 9683 2638 9478 2965 92 1467 4228 974 4848 4199 8301 7061 4720 8861 6749 2417 4643 3567 8990 8026 7271 1379 3143 4850 2245 8099 6738 1927 7088 6216 1243 7179 4034 5731 7758 578 1956 9659 871 9017 9731 2117 3146 4373 2035 8487 7409 61 5757 8787 5577 8899 9988 4173 3349 3078 2451 436 9293 45 7615 3326 5776 5372 4684 2705 3680 694 3576 9048 1423 3306 7516 920 4031 9550 5758 7866 6577 7891 6764 6564 2063 6465 9641 866 6900 5285 910 4962 6685 2590 5997 9390 6269 6690 1668 4464 2622 9183 1735 6652 8732 3844 4442 1709 1018 2584 4825 3934 998 9926 1863 4540 5211 9125 5406 172 5809 2521 1550 615 5562 2282 9840 1464 8112 6491 6547 7285 16 4654 6527 4840 8587 3877 2480 4865 2091 7020 75 1215 2425 6598 7024 419 5470 4925 7385 1032 5791 5630 7481 5520 8472 379 3827 2108 4323 195 6762 849 5034 1700 1077 7514 3168 885 2990 4382 3309 5940 7757 79 1409 2682 7463 8792 4824 3480 6200 6805 960 8072 1628 7690 8250 3736 2012 8444 6849 9213 3478 8548 289 7343 9808 8227 805 4190 7887 3096 7965 857 7331 1779 9648 2154 5258 2200 5310 2569 271 6938 258 8520 7025 8622 6964 3873 7834 6793 8772 4474 6587 4282 8713 3744 6839 915 4047 451 3695 8956 7950 5894 4266 2516 7555 1035 4579 5748 4350 4803 9933 2865 8688 6692 6608 3510 3290 9798 6629 3845 7079 3248 3891 6035 6136 4418 8651 4206 7897 6037 9996 387 9938 9929 7880 6215 4335 5860 9079 9374 2551 5686 2883 2193 5484 9511 2748 5680 5996 8976 3544 5705 5627 4314 707 6184 2210 6743 1319 2205 3481 7608 2133 7713 3822 2819 3572 2474 1290 1426 4666 3125 7289 3766 8804 230 9761 4725 5557 9656 429 1183 321 1135 7366 2530 4230 5036 4735 7710 2643 3219 1774 2816 2390 5345 2068 933 7819 3358 2359 8836 6482 9647 8953 1638 6228 6362 1784 4721 9318 5041 629 3035 4858 8070 8657 8920 712 693 9879 616 1947 7901 1656 259 1747 4489 6257 700 2478 5764 8840 619 484 8334 9936 8962 9322 5799 7391 807 5443 4454 5385 2487 4332 2353 4876 2630 253 7787 637 6863 9534 5126 3119 233 1954 2794 8924 2832 1127 1060 6441 4532 3210 6612 1922 2054 2727 5752 3410 8104 5768 6040 8356 3554 6676 5218 3087 4688 9671 2993 2019 4901 1916 2380 7126 8613 8820 1657 1822 5431 9930 2189 3836 9008 7940 4727 2418 6044 494 8457 751 400 1484 5969 9838 5989 7008 9509 8096 1 7879 9348 9080 1727 9042 7692 6898 7050 8680 3332 8053 2515 2339 5992 3594 4756 4087 9564 2786 838 5106 676 3388 2113 184 1483 4414 7182 9845 8909 9422 3888 2158 2823 9752 6154 7804 4845 147 9649 9600 2182 88 5516 925 2915 2776 1600 6302 1240 7784 3353 2548 4965 2392 225 9506 2631 8735 2328 2382 9572 4834 6537 6684 5276 5629 8865 5363 1144 6535 2639 4058 5662 4239 6901 2373 5811 337 2387 9842 2647 1121 8522 5028 7044 9707 1565 2671 5736 8248 4298 7716 3464 6012 8860 6350 8650 9269 9240 5980 8911 6825 2635 5852 5022 2046 6142 6919 3278 3186 2977 1194 2208 8712 5793 2857 6427 1957 3869 7259 3967 3238 7425 4744 9049 6948 2264 4070 8993 514 6563 143 6100 5239 8307 302 7515 3080 9087 2734 1043 1976 1361 2415 6941 9839 7978 1685 2851 7026 8632 1466 7447 3976 8331 4010 6238 109 7828 2512 4768 8129 5991 7560 5077 5016 2277 2471 7970 183 384 7124 222 6498 8808 9424 9875 3791 7241 7322 4118 1331 396 4534 2908 2558 8898 6573 327 9855 5202 9149 7824 2157 8207 677 6455 4780 3526 1614 4203 1443 7073 3366 8403 3762 6194 7112 3021 8751 2477 8270 9942 9796 602 7745 7619 2759 3428 5825 9787 9882 9664 1158 9415 3250 6488 9122 2318 1242 5348 6079 3787 8811 5451 8890 1287 3721 8831 6687 8668 4979 3641 2764 2751 6191 4774 6072 1729 8552 3918 2887 4318 7167 1839 7157 6288 508 4751 7987 2939 3149 8389 3778 787 2109 8961 777 3939 7466 216 7660 9104 9389 7655 2424 8627 8324 6817 5481 2230 7324 231 6568 262 5119 6069 8897 6855 7111 4209 680 4499 8145 4131 8360 213 5045 8718 785 1141 9411 9793 7083 2579 5273 5664 9902 1855 8583 6516 6973 4651 5166 2221 1506 8628 6429 2185 2867 927 6682 6997 8312 7209 9708 8856 5926 6844 7067 2820 501 5184 4444 6164 1437 6298 4746 7952 3271 5749 9469 7254 8097 8272 5790 963 5550 7959 1519 9920 9071 7444 5746 862 5720 7714 7255 9361 8692 5659 4975 6643 5281 723 6112 7123 4208 5394 117 1522 944 1156 9155 7350 7428 8225 1145 6894 322 2007 2614 9720 9868 4600 9949 8559 1275 1554 1997 7665 2660 8224 4406 9144 6097 5349 8083 1928 2856 7237 9277 6635 5461 421 3529 5783 8779 2494 1021 4851 2361 5620 4799 7272 2229 6073 8825 4421 2841 3130 7416 7535 2591 3512 9235 674 5439 8442 4262 1067 6075 1487 4957 1857 6618 7450 1468 6162 1201 9785 9781 5042 4961 3899 9462 7801 7028 5216 914 1851 5079 148 2524 517 8589 6786 1583 17 2860 4973 1068 6039 8774 6648 7506 1288 4200 6475 1072 3981 1516 6033 4231 7329 185 7610 237 1753 8523 8439 6831 3700 3610 4100 5282 9979 3311 1055 1303 7093 77 3729 950 7929 7424 8261 8939 1171 2491 6267 1356 100 2855 3108 4974 1294 8608 3637 9956 9059 5271 9934 8721 6325 7589 9450 9770 7071 1732 7458 4495 518 5718 1689 4560 2404 9396 1011 1610 2503 5984 9255 7862 8781 2286 3272 403 2219 1992 6727 6159 1441 3823 9919 1906 8428 765 498 549 5057 9304 9859 6068 168 7504 733 3018 7653 1588 9765 7747 7437 7921 8407 8882 9827 3187 9646 3684 9065 5092 5850 5275 7511 3987 5914 1490 6646 4126 9663 7163 7602 7664 6927 5101 5891 9621 4772 9447 9397 770 8048 7316 4524 3165 8738 2034 6280 2724 7947 565 4690 7948 1853 1964 5131 6259 3416 5879 9626 2145 1677 9023 9266 6076 8454 6581 9539 4628 5011 8728 3703 9309 993 4268 7273 8957 7210 5221 7161 8121 3536 2292 4380 3303 2928 8160 1935 1950 8010 6756 357 9732 2806 4880 1094 1533 6755 2526 3359 8158 568 1370 5319 8689 1257 3962 3068 3625 9677 7487 7963 5788 5561 2325 2543 2270 6225 5075 7456 6607 6038 2826 8887 1634 3397 3104 3003 8715 8144 4260 7563 8818 2652 7239 2656 788 2701 4970 6454 9612 44 3909 5684 3002 9947 4861 4838 5185 1045 6471 8581 500 9473 3647 8643 84 6322 5254 8974 3443 7909 6113 4996 2704 8813 5225 3782 1678 9653 177 5587 1688 3179 1885
10
54515750 402624
11802746 63772005
31155813 3488058
9325580 28164992
50394806 41410880
741900 846336
24239969 9264172
50273568 19767760
19988880 4724824
22181317 5892399

4 10 4
7377 1874 697 8851
1304 7894 1705 6230 4307 8925 7762 2589 1668 3816
2841 4763 6623 3794
10
38121257 10841256
2443696 12331407
46044494 1625564
4302564 11538846
39974000 21132594
20397000 49347788
33775416 59110275
1804533 51407726
55141730 4738788
54161888 40137240

2 7 5
8471 888
5504 676 717 1062 5634 4386 2323
3432 3093 289 9987 3535
10
5726396 17425962
15658545 23900628
969696 286010
3822858 50130615
46624384 2090868
3894768 671347
636696 17425962
45292 8219520
2248750 353000
6073707 3754170

8 8 8
9408 2558 3336 3888 8687 1547 2612 9779
3995 8081 8763 5081 5837 4877 5165 1599
5492 8996 73 5241 9619 8159 4024 1187
10
76026048 377045
4176588 6031147
2473653 48874139
7984790 26371761
19859949 26879197
77375942 55580584
75441835 22371064
12997198 6130855
22694256 28366180
53421984 47049796

5 10 3
326 2021 5600 4819 8138
9638 1677 6874 6587 2303 2379 6910 346 5506 6298
4808 6942 7180
10
4807959 69200840
46445522 30280784
26967136 22010769
20751450 31919604
112796 45219640
26524251 6671808
37743322 10507525
9391200 47969220
28078694 5308905
1667374 38222652

2 6 7
2351 5479
9479 2309 2207 7757 4621 6899
71 2999 1777 3697 4349 541 461
10
6099809 6245081
6537473 30345031
37799621 1249169
12092153 550747
12651011 16844183
61320577 18083279
12651011 673009
45534497 2584453
16219549 163939
5222677 11019199

9 7 2
2223 7390 1991 1704 2582 9474 7228 3346 649
5138 5583 3870 5509 3147 4717 9047
4304 2330
10
48677412 23710736
6373216 22122662
40711510 22113952
7742406 1520298
14415306 13544688
584598 52599456
11115753 7332510
10229758 9017100
27416506 36553545
636196 2221504

4 2 2
7197 8378 8984 2882
3278 3226
8285 5806
10
27463084 26727410
36518076 16102140
48489100 210140
6036258 3793200
9447196 26727410
12629358 35564190
9447196 26727410
57772477 1004025
23591766 18730156
27027428 27158230

9 9 6
2083 3709 2297 6551 1129 4549 823 9857 1787
7907 271 6257 9643 9539 571 7681 4621 9467
2633 4999 6917 9551 6379 9479
10
6272923 9713491
17139289 65981263
3518503 33437659
6474211 49666103
16917529 38397319
7850597 61512697
644659 90420181
21675991 36701881
3803083 2568809
24786841 5053241

1 2 2
1653
7490 1523
718 4041
10
2227500 17862176
305877 5375994
14276504 49613025
2517519 5377820
12380970 1093514
12380970 6154443
51006641 18348759
7538180 37657256
2517519 5377820
12380970 6154443

4 5 2
9844 1329 5100 1431
3743 4074 9315 6196 252
6125 1365
10
1285200 24953250
42520068 20338800
334908 5109195
44084204 8065956
59054800 9238572
56508378 1038200
5756439 1246282
20777400 1543500
91696860 37950500
334908 24953250

6 5 6
4143 6457 2524 8570 8206 3566
1448 4119 8306 3672 3498
2889 7910 9805 9474 4615 7301
10
10980340 29448252
9743352 82806192
33800514 33140052
11882288 65700460
28053630 31431425
8828952 26809272
9568416 3207540
5290740 10940895
15213096 60642106
26596383 34788528

3 4 9
1511 6121 6089
1741 4871 7127 3631
1823 9851 773 5279 7873 7559 4093 8111 3701
10
22109159 56110871
29815391 5509171
12463651 16936603
7360081 6619313
45416887 938633
7940617 17617361
5275847 21199463
51768889 5335921
29815391 35768981
5486441 39508681

3 3 7
5779 503 6691
383 8527 8807
7207 9733 2693 3727 9463 1801 5197
10
1204673 2838977
50852107 14752121
13504373 4897393
49959529 48860923
4289081 1990451
192649 32823689
58927637 44314819
4429921 3727739
2213357 31780129
11270549 2096513

9 7 1
9569 2589 7296 9979 4989 3334 5892 1072 7631
2623 20 1799 2372 5759 5629 1762
3102
10
14103645 326664
17582998 7357944
17952221 8136546
6034288 7357944
4759536 34564752
13445822 5580498
54696 84092422
6173648 17461158
482467 12688192
37984080 73611820

9 7 10
3374 4793 6257 1690 206 9032 381 3156 1506
7942 7463 5893 3220 8341 8903 1974
1996 3871 4444 3466 2344 6889 2529 8316 92 1596
10
43639884 8712613
25059241 49046166
36825990 55961490
752094 14903397
10871224 24880
15433460 9405228
52189637 14209188
65013474 43227758
29083040 4627056
20147540 15852232

10 9 4
9109 3697 4493 8779 5009 2371 9397 1129 8087 3581
1607 7699 2441 8699 1559 1439 1867 6607 7529
3313 6043 5821 3557
10
76833293 2278223
14233409 38394533
67589521 5716099
5582779 27385343
10967413 9354347
70750013 14750963
30511387 3073403
75939001 13940071
3728467 849067
5941079 25506787

5 5 8
9148 2313 8856 7695 5344
1516 4044 7452 1005 9549
85 6684 8266 2589 6783 5137 4250 1
10
13868368 31671000
2181543 28089540
3506508 40583250
7733475 61598232
75348975 7275408
7560142 22286460
31118580 9549
8288379 11860335
9353772 9549
21464212 20171520
