100

2 9 3
1823 2287
6659 3917 8969 1123 827 9677 9277 6323 9697
5417 1009 4871
10
54041 22956767
8958179 34251691
32453873 1614407
3253399 2294389
58019867 12688309
2047229 6379907
12139357 19079707
4249183 7344691
21216499 5470133
17641171 6379907

2 4 8
5268 1749
8963 3001 2219 6183
9388 6420 6855 4279 49 3440 9574 3568
10
15676287 26457057
29359841 41026876
11117637 1847032
47217084 39694860
15809268 85811762
47217084 7917392
47217084 302967
31194640 51147690
58363560 70049048
30047625 5662500

3 5 3
5573 162 5497
4742 8470 8537 9212 7586
2708 9640 362
10
4879236 70397210
1228932 81650800
46927889 1716604
30699090 54137664
762144 1298822
26066774 88803680
65936 26866676
768204 2746132
8097012 16927482
1372140 12841336

1 5 5
8363
601 6679 8747 7873 2897
7937 821 8093 7699 2267
10
12320107 9234091
11806621 1021967
5026163 22993489
23596829 63270253
5026163 17848091
2443009 37176343
65841899 22993489
55856477 23445421
73151161 4863893
2016803 15571

1 9 10
9491
9672 7430 4830 6163 8013 4275 3176 1150 725
6991 6074 6476 6617 4354 4136 2303 7380 3453 2153
10
10914650 22274616
67039000 2442990
70518130 11123490
23176134 49036995
30143416 17251989
2529135 32087510
55847214 3008748
45841530 3970950
6880975 29337420
24040359 5396790

3 10 1
5247 8068 2583
4734 9367 3099 8006 1454 4071 258 4820 5694 5918
1251
10
4626102 57394620
10515393 5922234
32844828 11718117
49770280 3806460
11730872 5092821
24839298 7123194
78109515 6026946
8117577 15435220
2081544 7403418
4089446 33584085

7 9 5
3200 6677 2710 969 2050 4779 2864
478 8710 4631 3108 7251 8382 2176 5585 8534
3772 3693 501 2145 4410
10
5896960 6666660
50547372 10846386
10399104 31976910
698490 19964820
6232064 11979825
63332912 28950452
17872000 9596160
80312265 42017596
23203200 17979390
52957449 39262368

6 7 4
8479 650 1986 1524 1845 4558
6524 544 524 1878 1850 5026 9759
849 4686 4193 8211
10
4612576 2197132
8559924 80131149
29357280 68490315
4240600 41268486
20203330 78429546
1003680 4267074
15637950 10071384
4533906 24418240
21097898 67304120
8432300 53568564

7 8 5
5240 3346 291 6654 7855 8241 2667
176 9670 2484 6591 602 7733 3620 1131
537 780 5025 4936 1188
10
64344180 1937520
1917981 882180
34536840 715176
32091722 28897750
20623911 4300560
34535424 11023824
60742715 209088
30258473 77425475
64665144 8492544
1413496 12497280

5 7 5
6122 1373 6914 1764 2175
5083 3413 1817 4480 4169 1535 476
5184 8247 2380 618 9272
10
3951975 3653300
1602656 57499442
2914072 16847224
8721076 4503039
27346700 9024093
27426560 1132880
3338625 4324460
16244591 28751436
5724037 14232520
4580195 10214688

4 5 2
3523 8088 7996 824
8918 4747 8789 9747 6485
7270 8509
10
5343640 70860690
4833325 26016424
30963647 75883262
77937012 75883262
22846655 64833860
48995252 20105739
1074138 67618720
33720988 8764
52450680 40392223
34905208 6026319

5 8 7
1420 5115 8493 9940 2076
8940 5250 649 7262 1452 1400 1096 3054
5673 9854 1056 3651 2608 1379 8287
10
6451060 71559748
10899000 1692592
10899000 11150154
52185000 26513562
7814990 8815442
44815638 12746228
40113392 2690220
6340104 894971
15066810 44555010
27029080 44026245

8 6 10
8382 6629 345 5181 6041 4963 130 410
3942 9478 4958 1652 5251 6088
7221 9959 3497 9540 9956 7077 8993 9555 9847 3244
10
75190696 1141340
7242040 31609132
27205431 94391402
29951278 43084776
8198876 90420120
4635756 47650915
53674935 10792280
31721291 35801718
3704632 68201050
40357352 39258378

9 7 8
7151 1723 2719 8741 2281 2687 8839 6133 2663
3083 7529 2897 5 5351 7 5689
2297 1223 3251 3697 2267 2999 8867 7151
10
53839879 20716447
45592007 35553527
60669029 17403593
39249817 26377
31395811 18429
22046533 17068243
23499263 1956349
13315 38265001
25606583 9207967
14549369 18485

9 5 9
2437 541 3727 1759 1973 6947 8221 8521 653
743 5333 409 1109 1063
227 9817 9281 8693 3769 9311 9839 8581 7949
10
5127271 146737
1950731 52471387
9117089 168661
1524343 20100077
14309881 63837647
221269 10887053
2580427 5578333
45442493 4015153
19986497 89664829
80841601 39686567

8 5 1
1451 1621 4051 5879 3109 7369 3467 1223
1319 823 9533 3299 677
179
10
4572973 590521
35422229 22683
660553 21678871
3980083 147317
38618183 236101
6403 32421887
4657721 5524019
29638097 590521
6746791 17066737
38618183 590521

9 2 10
7860 9104 3717 4326 4688 3690 8703 678 1155
4115 5899
5865 2110 1162 5731 243 3219 1207 8695 2960 6538
10
8952648 5130600
21767310 4781630
19291120 34597635
19291120 38567662
27654512 23583065
26374150 15318288
27654512 26903870
17231910 17509744
77505788 35592192
21428564 65200434

6 3 6
7041 6513 5473 4759 7924 3062
1171 3365 8880
9887 6047 9030 1321 5061 8826
10
9279004 4445165
8245011 4445165
54304131 52921341
48600240 5926431
38105012 15618559
16014035 10335246
19737390 19306880
66461760 31457673
34857174 1703096
70365120 10574130

3 7 10
5715 8856 6006
9821 7784 2272 8459 391 1762 6374
5321 4302 2483 4396 3827 7858 9062 846 697 3446
10
36427410 33843166
4726155 26623092
56127015 17853376
2348346 1490652
23332522 42119076
20120832 66470822
56127015 330786
9366402 20108745
13433368 70261412
62814570 11530607

3 3 1
4289 3853 5437
2683 8753 1303
2153
10
47590061 5776499
10337599 18845209
11507387 18845209
72575773 6720793
36913949 5398157
31414673 14321513
47590061 5776499
47590061 5776499
76220101 25131181
5267267 15382

3 2 1
5235 7692 4181
6380 4637
1452
10
35667804 9263760
35667804 9263760
23465001 88446281
19387297 9263760
33399300 6732924
26674780 6732924
6607944 35198370
11310720 14978394
40927248 11429600
502515 3328038

10 10 10
1668 7340 7836 3854 8643 7146 2189 6556 9159 2841
7539 6711 3649 8203 286 5435 9705 8945 8853 8822
9153 5978 4749 126 7167 6542 1208 6869 4135 4313
10
40769930 58433259
30880224 5820750
11193948 4407992
16187940 63227274
14920260 75082059
2112033 14856890
26118092 55579293
53778868 35555770
70898529 58016490
3409731 20499480

8 7 4
683 5479 7583 8377 9833 9467 5507 5407
9413 9643 653 9967 13 5197 631
3251 2939 9001 4519
10
1413331 1315021
39408851 2950907
5973677 45040873
43535269 2051381
20189203 21892523
1679791 36187729
6807461 23485243
39408851 5877653
10259299 8604247
30061093 13544803

7 10 10
8680 3348 5706 1196 9990 630 8501
6637 1629 9466 9417 2788 3400 6265 7373 4754 7085
623 2215 3603 4486 3347 8489 9806 4335 6719 4997
10
80053917 53183585
14652990 57455760
1756440 10945251
21790328 22410798
65058851 19071143
8818108 15973974
41264720 15973974
45961530 3414414
22220676 42244662
1181848 7942816

10 10 10
8841 7876 4395 1329 8040 2145 5772 3741 9394 8439
635 7864 6966 4572 7942 9850 7257 9279 9824 1288
8605 4800 1164 3432 2995 7353 407 3558 1353 1407
10
78913150 47077722
16742456 29631456
26681578 40076376
1711752 16267176
15566265 9153696
31475845 12554336
5001260 12554487
82035639 35046300
17103852 44539200
73981500 4704348

3 3 1
2230 4635 2783
630 50 3288
8018
10
231750 5051340
62556800 378004
15239880 5051340
1404900 26363184
39665280 10561131
21704088 43241394
1753290 400900
7686250 712520
6615238 4933170
139150 5051340

1 6 5
8180
2469 452 7411 3845 6770 6836
7435 8461 1160 8348 5853
10
20196420 3824372
15563712 68711334
15315144 51106365
19893699 9076224
3697360 7853200
25327380 2777750
60621980 57066928
44365286 1886072
20196420 22504785
3697360 2864040

5 4 5
5432 6810 7342 3689 2661
2945 6326 5024 2721
1612 5467 95 8203 3366
10
44404340 32329024
10606160 23634573
60198768 39736122
50995444 18091386
20055450 14875707
46445492 4747340
43080060 4386252
36886208 16100315
34213440 279775
116277 10389936

5 4 10
1938 1000 9408 2362 9095
6924 697 6261 694
1476 5515 5369 8070 6765 9441 3786 6748 5355 923
10
1639228 6390852
56943795 37078020
41901940 24330680
6924000 6580377
56943795 26214264
2534922 6442450
3339180 46446750
6924000 42249228
73153363 13441284
56766968 20497070

7 9 4
8526 5043 3473 5424 6290 9548 34
2487 1452 1651 3786 3132 8808 3077 6820 5036
3219 4731 8628 9714
10
53142524 1355556
13924200 14910225
36991680 17911566
29379196 30424248
15794676 14557287
26166700 1285895
10686421 14244828
6465260 41548353
6635358 37495290
31676440 32265420

8 2 6
2520 7860 1415 5054 8075 5146 8572 2646
5957 1381
6518 8643 3248 9903 3709 106
10
49303104 1341234
6927174 22071813
11837932 22094513
46822020 4485488
12904104 17486808
37969437 47197518
15011640 9001358
8429155 9001358
46484802 4075240
11151575 631442

7 5 2
7481 1039 373 6329 7307 8093 2099
577 3943 5791 1117 9851
6521 5981
10
59429809 133751
20988707 12622433
22368659 2524757
2344583 3451037
31910699 37763111
3674423 6680777
5950111 2861563
24955247 58918831
11504107 21859081
1211123 37763111

8 10 5
8938 3965 9177 1850 9020 1652 9094 3814
2418 182 2846 2303 7104 5002 5858 3584 184 6620
3206 9596 2997 8801 735
10
5272125 4876025
26146615 35702416
72698574 8553036
721630 58262620
13669376 44022602
1688568 7383418
86680448 38195175
4701592 22775424
22342412 1777230
14798905 67744

9 6 4
8735 8200 5505 8555 5088 7660 9988 2728 1500
6544 8156 3575 469 855 1391
1070 4706 666 6596
10
50127040 569430
11177776 16122678
15897575 77530896
7011000 5431896
52393299 839816
1282500 9175036
52354038 31842600
17852032 501830
35707100 4358304
13464808 59954724

3 7 5
463 6911 3821
6353 6827 3391 1291 991 617 9677
7817 2459 3527 3547 479
10
285671 49661401
12825187 44373919
12678943 205741
597733 1517203
20138023 19654879
26085967 8338469
458833 295543
88138159 5036579
4480451 7746647
187667 21988753

4 7 3
7937 5 2069 4051
4111 6781 1307 2111 919 1951 6529
7673 7039 2689
10
22051429 1349419
11300323 9686101
53219483 6904549
37155529 29983489
18331343 1515287
5294657 11054479
51820673 3514523
6535 31543703
32629007 18234109
8505659 9199973

1 10 2
4127
1481 1559 9521 5801 1873 3169 1709 8707 6113 347
9769 5519
10
725017 6934307
6112087 3389843
35933789 32015719
12629347 111329
551923 977101
7053043 32015719
39293167 18297337
39956659 2693539
23940727 18297337
2472409 79571059

3 7 6
6402 1620 1360
8079 4002 6717 3764 8855 1605 1810
3435 2064 670 2146 8705 5866
10
2182800 13863888
17895870 4331855
5442720 13971525
49379514 4983405
51721758 3444330
51721758 8260128
16146536 37899492
10881540 3884260
4016390 28988640
48776598 6233040

9 9 8
8181 4283 420 5596 1804 936 570 6194 5586
6209 9586 2390 3498 7112 5201 3785 4973 2559
3623 2327 7304 6904 2238 9438 5478 4990
10
58183272 5561530
6310392 30982910
43214474 17680836
12475360 25327750
1874565 27792416
2834610 18690936
1212288 917524
10960197 17455020
57245642 3548529
19552590 8139846

10 10 10
523 97 541 2213 47 2063 6133 9767 1721 1231
2381 8609 3259 9397 2437 8297 2207 1571 1873 9511
4639 6899 5927 1217 509 7121 1277 2699 103 6829
10
2520761 17688421
804809 65616389
5457349 24188629
354203 957469
21555769 16955101
73837 11574887
4502507 3112049
28807561 28808239
10213607 22255711
39007567 31419953

4 9 7
7958 5486 14 5409
1899 1911 1893 8174 5280 842 580 1331 8550
2469 9414 926 5145 445 7290 1380
10
14639592 89279576
69926946 16678200
73920 779692
10483746 2078898
15207738 2984100
4680620 45567816
17503674 31115226
4554378 7917300
51474000 2199880
8120 13843710

8 9 3
5073 4690 9456 7618 4648 6284 4949 6
8616 456 7464 189 1703 688 8491 3002 795
9269 7120 5470
10
2079980 23423664
6798385 22670760
5241184 5660400
80290896 2494320
45072416 54405180
70579584 4226664
4311936 9315410
1451652 29088342
4734824 970218
1787184 12125360

8 8 3
4357 563 97 9431 293 3109 6907 5573
8219 127 6343 3929 4127 2371 4639 7573
3571 8863 3821
10
22999771 21014173
8979931 2518489
28833407 8937991
35349539 28936433
1858499 31404799
48018037 6287999
12571367 28018951
694703 15769267
1197737 8466841
33245249 10595861

7 8 9
1033 9294 3460 5259 3692 2345 3175
1493 5834 1393 4498 8735 7411 4760 6443
978 667 4737 6406 5603 1241 688 3122 4216
10
5142956 8365279
27659174 30313464
5512156 20068160
1105720 54471659
4422775 41523833
20456525 28814188
13203594 54354924
1982246 2531217
57933864 20138004
16606616 8542830

7 4 5
1091 8731 1307 4513 3067 9199 7057
3833 6317 1901 5581
5573 4987 8887 2477 8513
10
79179109 2944079
33465923 49598347
39385117 10594273
27049481 53776621
86994137 8468051
319213 50471383
54619 15074387
6088871 53776621
8256319 16183213
6737749 1815769

3 5 9
8514 5926 2418
6467 834 1334 4487 7940
8935 8765 8450 1956 2241 2686 8620 5355 6584
10
28752150 61348036
53791608 24424804
9121435 14977592
2016612 12649452
66043614 53430678
7905284 17793540
7905284 40091345
7100676 34630785
38323442 1631304
15124876 13662660

2 7 9
8894 9615
5728 6078 5894 7776 4249 9976 9074
4313 8889 9809 150 1469 1388 3993 2905 8621
10
56670810 24704864
58439970 16966257
40384872 7268756
7505114 24722811
52421236 911700
44681882 6725668
24622500 4337868
40854135 59619102
87246510 88676664
36700510 13383404

8 7 4
1583 8429 2357 6793 9907 8419 967 1609
6551 6257 3847 9337 5717 7963 9341
1789 2221 2693 5479
10
52740253 10227713
48188593 8544187
54092659 16850101
10540559 21444359
26132671 11193773
53254471 27977827
23246141 17225141
427337 8178523
8751179 4495889
10965589 43368571

4 9 8
2100 6596 2407 5368
7265 3667 8450 5001 5910 8108 9552 3517 7806
7179 5798 3984 775 8426 4304 2901 3874
10
22193282 26888400
19477500 3699205
22526244 13070592
20339150 6283700
55736200 42122470
65402715 53099640
26845368 31099104
3566118 506268
38982360 3875775
17745000 58207332

9 2 2
5153 1609 9803 3187 1597 3889 1009 5351 5939
5477 4801
7717 4073
10
32527903 19554473
17455199 37049317
39415427 31837111
28513139 22307821
39911 21020357
7667197 22307821
9491441 37938367
9254279 2587511
7667197 42266009
2938847 51013337

1 7 3
1553
7529 8681 6701 8599 1867 8297 4721
8933 4721 2699
10
7331713 35544409
12885241 23208701
9882629 17454299
46670089 2550517
2899451 67256557
2303417 23913731
10406653 40983001
52387003 44623807
7331713 74117101
9588653 49491703

8 2 4
2901 2631 6530 5944 2658 7921 6257 3897
8687 9749
1754 631 8782 590
10
25649619 76289234
8736266 86974212
68809727 6151619
54374766 20568531
4270562 11974608
25200987 17099746
38037216 20076663
77221829 5125330
82532271 77841400
25649619 5481497

10 8 2
8739 8764 5729 5106 3601 6202 8272 7424 7783 8373
8245 6420 1783 8138 8818 2088 2116 6403
1317 1348
10
29072344 61482960
77531920 24169376
53612319 2403484
54689236 10858665
4412785 19169712
15207835 7146864
32780520 11613306
71321432 2403484
23057203 10858665
73200995 76933896

4 8 5
2781 5029 639 8769
3186 2845 8932 9471 1514 1688 7611 4589
3815 8097 1595 8119 5031
10
21166191 12258858
4210434 61793709
21166191 37157133
38138815 3292632
13217628 31938100
8488952 7319455
23573018 11045650
14653325 3436200
44919028 25867134
11375292 43097556

1 2 3
5
4 6
3 5 7
2
1 1
5 2

4 4 4
2916 2798 5667 5954
5459 2998 486 1548
1878 4142 7610 8484
10
15274282 13133232
30936153 3698460
1417176 11780280
1359828 22814780
20832570 44145864
14744840 9750336
9502008 45025110
19911396 14398032
2754162 10252002
49165650 10820472

6 3 9
8888 5982 4431 5597 7565 9967
7195 6187 4976
9361 2464 3202 9176 2178 8305 2766 7996 4964
10
4405105 4960590
22048656 57916507
22048656 66021320
44226688 23038390
30362625 2126046
284970 29875563
29766432 13475286
32929992 34771052
1541050 10631690
31881045 39788096

9 2 4
6052 4962 7223 8229 6032 4594 335 433 6139
8330 5197
741 7467 9655 8840
10
10258974 4253491
3606890 50177035
9845972 17513478
3481845 5641848
7298994 29604074
31452244 73637200
38268020 45941480
50413160 3850977
23875018 73637200
35885370 32760000

9 4 4
866 838 1610 8050 6516 4568 6924 1855 6726
4665 1118 7012 4580
55 5285 5641 4608
10
2841336 33233740
7741032 39554692
31376790 5151744
3966280 5151744
36869000 39554692
73355200 57896592
67304606 10163050
2229304 9628766
7420160 44881648
8653575 37058420

2 3 7
2130 666
6087 1275 7936
4499 5556 6537 9994 3990 7071 4638
10
760324 8167783
16903680 5087250
849150 44092416
2715750 39790719
37561122 34822484
1510306 16535275
849150 31664640
2705283 21453822
14011530 51879524
5285376 28231506

1 6 4
3733
8039 1109 7829 7043 6833 3499
6217 2683 7477 5821
10
26291519 42480761
11105399 52039969
5109523 1021277
16812007 19349917
13061767 21005207
30009587 45572609
1926599 8225453
30009587 21753283
30009587 6894653
28982699 3853777

4 10 8
373 7603 8893 2089
6791 7247 3701 6689 41 6217 2753 6389 9749 2909
4639 3853 821 263 521 13 2467 2969
10
15470557 2950289
35750987 28997611
311723 45225611
55287781 37817
2186207 13741669
1380473 37817
2318941 18968941
2703131 973363
203251 60950843
1781323 13895383

10 6 5
5675 6638 1642 8571 3933 8508 9815 3432 5974 1110
2633 3647 4465 4766 560 3780
5175 9104 554 8561 3901
10
4195800 13625775
21787178 2094120
53033788 7752240
29525976 3144876
18890638 48063225
42559296 6891899
4764480 2640364
18700920 27693288
16356912 23106375
22567443 19561500

1 7 10
1123
8669 8233 2617 8273 743 7901 8969
8867 5507 5443 1249 2671 479 5147 2063 4649 293
10
9342017 74095873
40421627 37923749
834389 42581131
9290579 355897
2673071 25741127
9290579 38275217
69129691 62555021
25306297 8995201
2938891 79528123
10072187 355897

2 4 6
1151 5758
920 6422 3568 7463
1742 1170 9930 628 7824 5889
10
5936694 6163605
37308414 15971476
5297360 6215456
7391722 7198080
5174274 16663944
42971954 577760
42971954 27916032
42971954 63770460
92646900 82385400
13234200 24744216

10 7 2
7853 1902 646 9115 7834 2944 3281 2387 6155 8500
1002 1055 5623 6026 3025 6210 6254
8042 9661
10
37090030 59994810
2464014 82767798
2564919 19058552
7868706 60419894
13491586 9769185
56604150 24327050
7421210 16909984
8452987 78427524
7849668 54323803
23697850 59994810

2 4 9
9571 3160
3035 3583 2069 292
2760 464 7997 131 5652 439 1614 1524 893
10
31978068 45993509
84462474 1480221
9590600 38252
922720 271039
3816960 5456031
51236806 526824
3823378 4425180
11322280 445008
922720 2710255
9590600 471288

2 3 2
216 5336
8482 5584 4195
4780 1673
10
12518800 11641518
29796224 14190386
26406438 60922953
13877304 5869875
906120 9342032
12056514 14406610
906120 26691520
1832112 20052100
1206144 7018235
6943760 6604254

5 10 2
8849 3217 5791 2383 3989
6599 79 5087 7687 5231 5563 5849 1381 4507 1091
2549 6379
10
1714619 11892913
13256629 37310771
506953 1925939
1027049 4904929
48748859 16058389
315131 13333819
20866459 16820851
10740181 42095021
3183931 2158327
15725417 28750153

6 4 6
8585 6345 513 1540 4928 275
7395 7385 174 2775
100 3733 1184 7454 3978 3833
10
3788505 206016
58587210 303600
79237530 59935577
11388300 1296996
10906125 69974385
34247985 17510935
1104030 739500
6738426 28983170
36442560 692172
11372900 692172

5 3 7
3069 7682 4368 7623 396
3493 388 5546
8845 8917 9640 3489 2556 1005 7715
10
15956540 7758738
26627139 19349994
37664404 1935788
153648 42787390
42604372 3510465
49748607 33980492
10318140 43463424
41684076 41200624
1383228 14175576
26833226 14175576

6 5 6
2175 9951 4976 9327 550 5866
9754 9958 1818 2043 5358
844 2312 9618 8625 8562 378
10
38577495 7312814
5364700 17492166
7159215 16936038
21209034 50264500
9046368 51533244
25233598 12088440
49974066 772254
21658650 4723416
30842640 8318934
1123650 687204

8 3 10
5990 3004 9614 9732 3554 910 9710 6693
7642 9568 1059
966 6087 8455 5508 1146 9912 5080 5448 357 5852
10
45364860 17913984
25410900 7149109
32825730 51577812
3763686 64613110
73398168 30018519
57312320 378063
10282890 8757732
9638955 41985132
7087887 44720984
6343410 48605440

5 8 8
2908 344 7840 9801 1128
2715 4069 9937 7007 5688 2226 5310 1474
2152 7233 9953 8383 9516 343 2457 4367
10
25928553 60021003
22983268 16779160
1826640 12356542
11556160 18660558
7895220 12356542
44593920 3408391
7903896 1395667
21653053 9453156
4783086 73438716
32924928 33534556

6 5 10
6609 4312 3423 9749 1823 192
2694 3667 6383 635 5858
6770 1460 8903 2738 1220 8509 9129 3553 8008 796
10
11616528 1738630
6190615 16039204
62227867 3933240
3060816 35387742
29415723 64601196
18849602 8749747
38451377 8999834
3911193 21716140
62227867 4298950
21849009 4473740

2 6 3
3388 1558
4073 414 9707 3650 8012 8786
4980 731 7801
10
15123506 18177000
56795760 68386908
287990 5224758
29766968 302634
1402632 5856772
32887316 31773473
26430084 12499263
645012 6422566
76936885 31134422
4684500 38245169

8 2 5
1529 8489 7534 1962 5792 6636 7443 4367
2109 3426
3794 861 5761 808 4976
10
6721812 8001546
14263132 30978090
12215328 19737186
68480594 18268272
13995324 12998244
8317916 31424142
56989044 24903030
30811200 18707204
9210003 12998244
9210003 17047776

5 6 1
7219 3191 919 4153 769
8447 6337 3631 9649 4909 1579
229
10
7509539 11977051
26954377 1451173
93367 7706983
668027 34672481
913837 77798377
16626073 42301561
7762793 1451173
35438071 831499
5038589 1124161
6495743 831499

7 6 4
7350 8120 1385 8789 4 6651 3277
7581 6903 9731 704 8465 5134
3453 6724 3601 6035
10
64283460 3124656
45911853 17727702
2307008 35041331
57335616 31637672
16824118 23836059
16320352 16837420
20536 45751335
3880890 11218970
9243954 7390656
56300715 4733696

4 8 2
5589 7606 3764 8930
9263 6816 6584 1387 1526 7800 7968 9888
8095 3365
10
6262520 31600935
44941008 71862045
10275048 68372420
59326800 5134990
5220668 53297480
12316342 731910
5220668 33273120
7751943 55175520
12385910 26247000
27781512 97004544

2 10 1
1499 5651
8923 8971 5659 8447 5153 5867 311 5843 659 9587
3257
10
730693 396007
987841 19030651
12957977 79903079
54291917 29884391
50423873 16783321
7724347 29218547
3636251 46891081
10031731 21852671
31979009 16783321
33018793 1012927

5 2 7
571 2677 4363 4219 8681
8419 2659
9803 6217 2083 3089 5147 9277 2927
10
11218321 43332593
5303521 4609103
7118143 52340923
11601217 52340923
16687901 11513839
3933689 36895009
12220207 30475673
73085339 7782893
23181061 5765047
22537663 24667543

1 5 1
3496
8840 2151 4155 671 4802
5518
10
63408935 10175585
14525880 3702578
10518387 11727170
2345816 22927290
7519896 26497436
1878492 632152
35435196 20341260
14525880 48779120
30904640 22927290
27177750 6594912

8 5 1
3049 9601 101 7499 2053 1187 8219 9241
5701 8123 6043 311 11
149
10
9642001 900407
4867741 33885563
24405197 24709309
1214581 6024023
60914377 46339
2432953 3261529
9642001 46339
948239 1639
12090733 40845733
2985911 849449

5 9 9
2341 3943 7237 1307 8689
7687 4703 1049 5867 4177 5903 6959 6547 8209
7927 631 7177 7013 8039 8669 6343 3187 3929
10
61826353 838469
8556929 52069687
66792343 25723163
50978363 56755943
10046909 29978329
22078933 9027701
30309841 8315423
35432849 28336181
1073453 20890073
17369321 29841233

8 8 3
6312 6484 639 308 7799 9036 5092 3238
1497 9146 891 1474 6854 3870 9546 6236
4453 6435 814
10
4772812 5076104
11495726 40727138
8475859 21114144
6230185 5898180
35591047 29999277
2534400 10622976
2111032 7770444
82643256 3150180
3254010 33938568
30909948 3967623

5 8 5
9715 7647 8734 2959 7999
9940 6591 1318 9066 9999 9709 7833 7392
8714 2084 4120 9027 707
10
88076190 87131286
53736507 85506255
3899962 27154920
47133513 13502296
64561728 6864263
15135028 70018800
10829252 12704588
29587041 87643143
22173760 29397990
28728931 15404928

5 2 8
2887 9241 5417 1301 4243
4339 9721
7187 53 7879 6037 4441 1069 1493 2351
10
5645039 515213
46498547 461039
1441667 7199611
62329261 12238469
28064527 34186981
511739 88198967
5645039 515213
1572491 29739737
28064527 26194543
89831761 229967

5 2 1
4540 8063 8987 5375 2443
7784 6225
74
10
62762392 460650
19016312 460650
69954808 460650
19429280 48716808
22384266 22443608
28694993 12979602
5567120 23171910
41839000 460650
57708574 7718904
50192175 576016

2 4 7
3203 1303
1579 6857 1217 2659
829 5527 9349 3169 587 2687 4877
10
3464677 7700783
28518263 4302313
59278267 1379783
21962971 7144733
13807457 3633979
18059191 8846791
8934671 1308991
2057437 12967943
3898051 64106093
3523609 56812781

4 7 5
7252 4706 296 4365
6685 1438 8094 6265 3595 94 1853
9708 1077 8674 4531 3763
10
34776828 58602110
6767228 6747405
10428376 34900260
45039345 13838100
36689800 84985040
66990336 53399217
45433780 57985690
15692175 25155655
21148776 55599852
442364 78576552

5 3 1
1879 7717 6449 211 6563
659 3089 4397
6653
10
33627239 24230447
139049 20551117
4249891 29253241
2051293 712451
24942221 47213851
5085503 20551117
59196607 38837321
5085503 20551117
139049 20551117
5572381 17019133

6 7 9
2447 3709 2549 3917 7481 8293
1783 947 3989 3361 7069 4273 2111
761 8641 877 6451 4397 9817 3361 9041 7109
10
16737341 9282067
2317309 18241151
6870581 3697873
7649717 12607603
2565961 9439
12942817 8127913
6984011 29042401
10891877 45602119
10166771 9344593
5165617 18788381

8 4 2
2861 7307 661 8039 7577 5683 9689 6269
6173 8971 8737 1153
6011 3371
10
67973267 52518107
13985641 53211553
72117869 52518107
19355837 29504599
60722833 10856663
84652793 30241241
17658533 10055671
70236743 6930683
4620017 24848927
63841259 37105903

10 8 3
4791 8052 844 264 5800 9030 9387 6156 4946 9500
3685 8345 5014 3872 2679 9299 7281 3663
6899 8550 7698
10
7848356 25271037
10932892 3761664
431595 70100224
16491924 31506750
11296620 2739702
426426 7802179
18226010 29806656
22457600 50231619
39445748 19710119
40372728 25422815

9 8 6
4392 786 9843 6732 5088 8080 7539 8496 1281
9693 727 810 5284 9874 7464 4268 2573
6093 4427 2387 1372 8148 785
10
19879680 21688282
28268196 34891658
32639283 17878628
18745056 11390671
26884992 570695
32176452 80453352
90225408 10024740
1800820 16341500
63414144 20964804
37976832 5923596

3 4 1
1390 8190 716
1942 8701 7296 9512
2233
10
12094390 4336486
10141440 4336486
9920300 37921950
5448870 16994673
15846090 614560
15904980 16291968
1390472 19429333
10141440 21240296
5317818 3401424
1838344 28440792

6 7 10
4871 1609 8713 6089 6421 5641
3821 3323 6007 1907 4049 2579 37
3469 1579 7127 4051 2063 677 8543 2689 6311 829
10
2671127 12103463
1062709 16803991
14548139 5127923
36576623 32642803
18612091 58423
237577 3011153
3068363 3356621
2995021 47905687
78064241 214117
7766173 26696113

2 10 9
2436 8054
3417 2083 2995 3553 7207 5630 1731 436 7791 7284
4567 364 4494 2722 8942 5166 9486 4096 1843
10
2083860 11965298
8655108 40248306
51644250 6223155
27520518 10760778
58665336 13459530
8323812 9361002
14347739 2329474
4608705 6418575
16776482 1785856
29126354 23477324

7 4 2
743 6211 8963 4153 5407 5333 3301
6217 8693 6373 647
1471 5741
10
2941229 26191259
33155261 12787403
25819201 12787403
11005739 35574367
36102029 9145207
6305539 2347739
57121199 35691797
10433089 23725463
10765891 7431877
38613787 12787403
