10
50 71
01011001101011111011110100001011001000101011101001001000111100101100001
11011000000011101010100100100100010101101011001010111110001101100001100
01100010001001100001011111001010000010100101100000100001011110001101111
01000000001010101001000101110111011000010011101111111110111010010011000
01000010011011110111110100110001101011110000001100010101101001000011101
01000001010001111000101000001110011100011111011001110111101111001010011
01100111011100111001101010110011111111110011101100100100100001111000110
00001101100000111110011000000001000010011100011010010011001100110000110
01101000110010001111100111000110101000101111001011010110010010101110000
10001100101110011001100110000110001011111001010111010010000101000011001
00011001001000111001000101000000010111100111000010101010001010111011010
01100000010010010011011011010011011011110010001111100110011101011000000
01000000000011010010101001001010001010101100110011100011000010100100000
11100011010100110111110100000110001110000000110000100011000011101010101
11100011011011000011011110101011110000000111110001011010011111110011000
01101100001001011110101110100110110111000111100101100011011100100000001
01011100001101101001101010010000100000100011000011010111001101001111100
01111100010000001000111000000101100001110011011001111010010101000111110
01010011110000011001110100111001001111001010110100010011111010001010011
00100011111111000001111000001001110101110111000101100011110000000001011
11100111010001010000111100011110100100100010110101000001000110101101000
01110010111101010100011111011111011100010010010011001000110000010111010
10000010011100111100101101100100011010101010000000001000011110111101110
11101011100101011011001110100000110100111010100101101001110101010110000
01001101101000100000000010001111000010110101100100011100111100111010110
01010110000000011011101000011011101001000111101001100100110110111011000
10100110000110010100101010110010110110001110100010011011111000010101010
11001010000101110100111101001011001111101101001110011011100001000001100
00001100110010000011011010101000011100010000000110001011001000100101001
11010101111000101000000110001100110101101111010011100001110011100001000
11000111000101000011111000100110111100011011000010001011000001010111001
10110101000110110000010001110111001011011111001111101011011111011011010
01010111111011110010000001101101111011001000000111100000001000000001011
01010111110101010001110111110010001010011100110011110010100011110100110
10100000010001111001101000010110000111001100000110110011100000010110110
00110110101000001110011011110101010100010001010110111101101001100000100
11110101011010010110110010100001101110101001101110011011111110100100010
00101111101000111011100000110110110110101011111011001100101011111000101
00110001100111001101101111101010011100110110011010000111101101110111000
11101111100100100101100110000111111011011110110011111010011111011101110
10110001000101101101110011000000000110011111110101011100011111000001111
11111000111100011100100011111101100010110101001001010100011010101100101
11011101100111001010001111101000110100101001111000000000001111001001100
10110011010101001101000111101001111000110011100110111011011010001100100
10010011001001100010001101000010011001000000000010101101000010000000011
01011000000101111001010101111101101001111101111000000110100010010000011
11001001010110101100111001001001010110110010101000100010001000110010110
11100011101101010110010100100010001111101000010000100001100111010111100
11001011001111011010101011110000110100110000011101000001101011011101110
00111101100001110000101010110101000010010101010101011101011111011110100
5
M 41 43 0
Q
M 36 19 1
M 9 67 0
M 15 61 1
100 100
0010010110101001011110010011001001010111000011010010110100100101110100111000000101001110111011010110
1111111000110010111010110100110010000010111011110001111000010011110100111101110100111100101100011110
1101110000001001110000000100011001001100010011001111100011100011011010011101100001101001101011001000
1001010110000000011001111011101010110010110001001011111011011111010011101100101110100010011011101010
0010000001110101011101100101000011100001001101111100000000001110111010111111110001001111000010111011
0111011100001111101111000101011011000011010011110010010011111001010110000100100011001111110011001111
1010100011110100101010111011010010011101001101110001101001001001011010100111111101101110111000010101
0001100000011011000111011110100101101010001010011010000000110111010011001011110100001111001101010000
0110001100010101111101000001110101010100000010000101100001010111001010100001011100000101010100111001
1011101011101110001101111011111100010000101110001000111100100011101110011111011100000010111011010011
0110110110110000001011011111111011100000000101011111001101100110100001111011101111000000100000011100
0000010101011101000111011110101001011111101101100101110000111110101100000001011010000110010010001100
0111001001110010001100100010111010011101001111000111111001111001101001010000110100000010000001100010
1100010101110101000001100000101111101011001000001001110001101001010001000111000000101001100100010011
0000001100110110000011101000100100011001001101011010110010111111011101000101100011001101010111101011
0101110101001100000101101001101001101010100110011000011001001101100100000000101111011110100101101100
1010110000000110111000101101011111111001110100000101001100110100101011011111001100001000111110111111
1010100100001111111111110100100001100010111000000000011010100011110100011000100010110111100001001001
1010111100001101111000110000101011101110110110110101000001000110010100000000101010101110001110001101
1000100000111110100101100100101110110101000100011111110101000010011111110010110011000000110000011000
0000100101111010100111000110101110110000000110100000100010000100000001100011010110011111110100000011
0100100101100111111111110101010101000100001000000000010010000101101010100011101000110111000100001001
1110000100010111111010001100010011110111011111110000101100001010000101111111001111110100111111001010
0100110001100111000111110110011111101000000111000000001111101101100001001100110101011101101010100110
1001011111111100110010110001101010110110111110001011011101110101101011010010111111111101111100110110
1100000100000111101001011001100010100001000100111001001110110000110011011100000111110111110001011100
1000011011010011100000101000001111001001010110001100111100011101011110111011010010011011011011011011
0011000101010110010101101010010111100100100010001010010110000001010010111001111101100001101110100010
1011101010100111010100101101000010000110011011011111010011001000001000100111001101111111011000111011
1101001011111110101001110001101110101100010101010001000001000010110101100001011110101001010000111000
1010100010011100110001111101110101011100101001100001100111111111011010111101000101111011101100111100
1011101011111110110100011000011001100011011101010111000111011111110101111101111001110101111011001101
1010010010000100110000110000010100010111000001110011111010101000000101101011010001000110010000111010
0110110010100100101000111111011001101110001000101110100101101110100000100101100010111111100001010010
0101011000000000100110000100011000010111000110001000100101000011011111011011111000101001110011001110
0000001001011000100100100110111110001100100100001010011011100100001100100001100111011010101000001000
0011111001001101110001000111010100111100110100001011000000010110110100100011011011011000001001110111
0110110000000100111001100001111111100001111110001100101000010001110011101101001000000000010010011011
1011000011100100011000101011110100101110001000110110111001001111010111010100010000100011011011010100
1101001101111110010111001000010101110010110000011111000011110011000010111110000000010100011111000101
1011100011000011101010111101101110111011010100000111111110011000101001111100111100100111100111000000
1101000001010110110100000010000000011010011001011110011101011001101111100110000011101011011001001111
0111011110011111011010100101101011010110111100101011111010010110101111011011000010010111100101110111
0100010101000010010001001101011011000101010110010110101011011111100110100101101001011001100100000000
1010100110111110111101111100011000101000101111111000100111100110011101101001100011101111011111011101
0100110001010110011110111100100011100010100010001101110111111101100000100111100111111101010001111110
1111011110111000010011111011010000011111011000111110110101001100111111001001010101000011001110010000
0100110011010001011101100000101000001110010010000101000100001101110001101100001100101110010111110111
1100101011010001101100101010010110011001110001100100011000100100100101001111110110000000100001111110
1111111111100010101000111011100000110111000111111000100011000010111100011001001011101111101000000011
1001111100000110110111100110011000110101001101000010011111010011111011000111111001111100010110010010
1110000100011011100000010011111111110110000000100110010100001011111011100101101001100011000011011011
1110011001100110010100010111100100110101001101000001010100001101101011100100011110001110001101101101
0001110000001101111111100100000100100010011110111110000101011010101010100000111111011010011000001011
0010110110101101000000001011000111101000110110111101010110001111110000010011101001001101011111101101
0011001010100101111111101110110000111001111010011111110001100000110100000100011111110101010000101100
0001011101101010010011000011011000011000010100001011100000101110101100000000101111111000001011011011
0101010100101101110010111010011001111011010001000110110110001000000110101110111010010011100001100001
0000011110010010110110000000100010110100000010111111110100111000100001001111111110000111111110111011
1011111100111000101111011000011001110110000101001011100101011011101011010111001001001000011110100000
1100011100010000101101101001101111101111011101110111010100101100101111101011011101100111011100110000
1001101010010101100000001101000001001100010111010110101000000111000011101010111001111110011101111111
1100111111011101100110100000000100001011101101111011000111110010100011010100100110101010110010111100
1111010011011110011000001101000100111101100000111110001010011111101101110001000100111100010001000111
1010101000111111110000000111100100010011111010010011011001000110101001111010110010111100010100101101
0011110110101010001111100101111111111100001111001001010111100100111010110100011011001010001001101110
1100011000100101100111001001111100010010111111110011001000110100010000110010001010011000011000100010
0000101110000001100010100111100011101001001010010000011100101001000010111101101011000101100101100111
0010000101101000110010100110010110000011001110000110001001110100010000111110111010010010111010010101
0001100000011111011011000101010101100101011110000011011111000111101100110000101000011110101100111010
1100111110001001101100101001100101100000101110010011100011010100010101001110000111010110001010100100
1010111010111010111001111000001101000010000011111011011000001001110000001011010100101111100011011101
0100001011011011111110110001001101100111101101110000001010001011010011000111010111001111000110110001
1010011000001110010110110111110100000011001010110100001110010110011001010000101000001011100000010010
1011000000000111011100011101000001010101100001001100000001101000110001101000011011100100101110011010
0110101100110110101000101110111101011001001001110001101001010000100011011000000010011101100110011010
1001010000101110100110001101100101011100101101100011000101111010101100000010011001000100100101000000
0101100001011100110001001010000110101101011010001110011111101001101010101100001010000000001011000000
0000011001111000101100000001111100011000100100001100000111101001101010000001100000111011100000101100
1010110100011101100110011101100111101000100101100101011111100101100111011000111010011101010000000100
0010001011011111100110000011110001100010001101110110010100100101100110111011011001011100010111010111
1110100000111001011000000100011001100110000101010001011010111100111111011110010010000111011110000001
0101111011110110110011000110000001001010111101001110111001110010101001100111000011110101010111011000
1000111010011010110010110000111011111101110010110111011100111101011010101010110011011110101010000001
0000110111101101111101101011001101101011110110000001100100110111001011010010101001000011001110001011
0111100101100110000110011101010110110001010011100111011111001101100001011100011101101000010010101010
1011100010110101011100111001001101011100000011010110010010001111100100100010110111001110010010010010
0110100111111001011110110101000111010110100111001011110011100000010000101001011011110010010111110001
0000100111001010010101101010100110111101011111100001011001000011110110111111111100111110000110111001
0110100000000000100001100011101000111101000111101010000010000010100001000101100100110000101000101010
1011011110111110000100011101111101100100010111110011111011011101100011111010010011011100000001101011
0111100000100100101010101111001010111001000100101101101101000110010110100011011110001011000001110110
0101101100111010110000110001001110110011111101001000100011100110001111010001111110111000100010011011
1010001011110110101110000010100111000001001111100111110001100001000010011011111001111100101101100110
1100010000010110101001011010010111011010101101010100011001101000110000111110010110100110100111000011
0011100100011100001111101110101100101110000101000001010111100100011110100001001000010000001100010100
0001100110001111011001011010010101010011110011111000100111001111001100010100100111010010010010001110
0001000110100100011100110100010101110110011110010110100001011110100000111100110001110111010011100110
1001101110010000000110100110001111010010100100111100011011100110101010110110001111000011010011100010
1001011100100111000111011100010000100001111010101010101111101000101010011011100110110101101111011001
10
Q
Q
Q
M 51 87 0
Q
M 65 21 0
Q
M 60 19 0
M 69 46 1
Q
23 4
0010
1111
0011
0011
1011
0010
0110
1010
1001
0110
0011
0010
0000
1000
0011
1010
1000
1110
0001
1100
0110
1000
1111
8
M 10 2 0
M 9 1 0
M 14 3 0
Q
Q
M 15 0 0
Q
Q
49 28
1010010100110001110001000100
1001100100100100110110110011
0010001010111101010101000000
1000000110101101101001111111
0101100010111111100111110011
0011011010111101100101001101
0111101001101111010001000110
1000001111101101000111011110
1110111001011000110011111010
0111000111011010000010010001
0010100010000000101001100011
1011011000111110010000010111
1111110000001100111110001000
1001010011110100010110110111
0000101100001101000111101110
1010100010001000000110011001
1010111000110000110001101000
1001110101000000110001010011
0110011010000000010001010101
0001000010011010101001010111
1100110011101000001010010110
1010000001000000011111101000
0011011000110011101101111101
0111111000111001000011011010
0000101100111000110011010010
1111110110110111000111110011
1010100111101100010111010011
1000101110100101000101000111
0001110010011111010100100010
0000100101010110010000011110
0010111100010110001101000010
1100000011010100011101101010
0100110011010100011101111110
1110001010010110101111100100
1011100011000101110000001010
0111000110000111011010110001
0101110101110101001101111110
1000100100010011110000000000
0001010000111000011000101100
0101101001100100101011110010
1000001010100111000010100000
0011111000111110011110010000
1011110110101111011111111100
0111011000100100010110101010
0001000101110111100000110101
1010101010111111010011000011
1001010000010001111010110100
0010101001100111011011010010
0111011111001111101011010101
10
Q
Q
Q
Q
Q
M 39 20 0
M 25 13 0
Q
M 26 23 0
M 12 7 1
27 45
011111100111100011101001011100110110010100001
110011000111000001011100011100011101010001100
100010101011001111100010101001000100011000111
001010100101111000001110011100101001110110111
010100001100000110001101101011001010100101000
000101000000100110000101001010111011000000101
010101011010011101010011001100000100100110111
100010100001100110111000011001010001101111101
100001000001010110101100101010010101101110111
101000011111111100110011101000001010100111101
011101101100110001110011010001000011010110110
011011101010101110011000010111001001010101000
011001010010111100011011010000100111100110000
010100100011100011111111011010100011010000010
100110000010000011101000111100001110001111111
001101111001110000000001000010101101111000001
010110001111111011010010000010101100001010110
100110000001011101100010110010110010110001010
111100010011001111000010101000101100000101111
011010101010100000001111100110100101100100001
011010101101001100111111010011100110011110110
110110111111001100001000000001111011010010111
010111101011010110010000001110100010011111111
000010111110001001011111101000001111011110101
100011000010000010000101001101010101010110101
100111110100000010000010010010001111010111101
000111000010100000010100010110101111001111001
5
M 25 31 1
M 5 27 1
M 25 29 1
Q
M 22 9 1
54 43
1101010010010111010000011111101101111101000
0110010010010011010000111101101011101101011
1100001010010001011101001110010100011000110
1101001101010011100110110001110111101010000
1011101100111110101100100000001001111111011
1010110100001010001000010000000010100100001
0010010001100110010101011010011010111000100
0000010001101001101100101011010000110011110
0010111111101111011110101000101010100000010
0101011010001010001110000101000010000010011
0010100101011011111000000011111101000100110
1000110100001101100110000000110111110011110
0110110010011100100000001010011111001011101
1110001111011110110101011100101101111011010
1000010001111001111010010100001111001010010
1101111010101011100111101001110011001001000
1111010000111011110100011101111101111011010
0101001100000101100100100101110011101110110
1101001010100101000101011100001010101111001
1011101101011100010111100111001010111000000
0101111111111111101100101011101010110110110
1000100010100110100111010011001111010010100
0000001101101001000000111010101010111010001
0111000101001110101110110010110101110001011
1000000000001000000000000011101111100101011
0000001011100010100000011000110110001010001
0011000110001000100101000100111000011010110
1011100100011001010001011111100010010111101
1010010110011001110011100011000000111101110
1001010111000101000111011000000000010100100
1000011100100001001110001111110100100001101
0001110110100111010101101011001111101100010
0000100110111011011101110101101011100101100
1011110000101011010101110100000010110011010
0010101110101011110111110010110000111011111
0000101001100000011110000101001100001010010
0011111010100000101110001100101010000111011
0001011011100110110001000001010100100011011
0111000100000000100111011111111000111000011
1010001001101011011010110101010000011001010
1001001111110111010000110000001000110010011
0010000111010011100101100010010011000110101
0111010000100010101111000110100110100100101
0111011010001000101101011000011110010001010
0100111001111010011000100110000111010101101
1000111000111100010110111000100110110111011
1101100101100001011110001001010011011110110
0111110100010100011110010100101111010010100
0100001010011101001001110110110110001011100
0110010111011110110011100110101110010100010
0101110010101111011010111000100001111111011
1011111000101001110010111110100111111010110
1011001000010001110010001101100000110101011
0001110110100100111101110100111001001011110
8
M 20 8 0
Q
M 11 5 0
M 13 40 1
M 1 5 0
Q
Q
Q
89 74
00011101111101100000010100001010111111111110111110001100001111110110110110
00011000000100000110100111000011011100101000101000101101011000111101000101
00010000001110110101101111010100010101101111001100010010000001110101110110
01101011001000111100010110011000011110101010101100010110000100010010001110
01111001111111001110000011100110110011010110110100110110011000111001111100
01110000110101000100110011101010100010110111101100100000001010011111010010
01100001011100011101001011000011100111001101001000011101110010011001011111
00000110010110001001001011111111100011101000100011011110101111111101101010
10101111011100001011110100001100001110000000111101010111010111010110010101
00010111011011111111111010100100010001111000000010011001110110000100000010
10110100111010010001010111000001011011111100000101010111110000100110110010
10101000010110101001011000001011000001001101001110110001111001001100111000
01100001010101100101011100011100000101111110101110100010101100110001011010
10000000111100110010101011000110100011000100010100110000001110011110001101
11110100011010010010011001111110100001000010001011100100000001100101110100
11110101110011101000000100110010001001011001100100111011010010011000010101
10110001101110001010110111101110010011011001110010101010100000101011000111
11010000000100111010111111011010101101111000001111101001001010110001001100
01101000101110000010001101101000100111001000011001100111010111101001101110
00001000111111010100110100010000101010101100010101100011001111100111010000
11000011000001110010110011101011011001011101010110001110010001001011001111
10100100101100111111001100000001101110011011111010001000001111000010000110
11011100000011110011110101101111010011111101110000011110010110011001111101
10001100101001001100100010011011111000011000010110011111100110101110100011
11111000010001101001100101000100111101001011001011001000111011001000000010
10011110001110001100000101010110101111010100011010000101111101001001010000
11000110000001000110011100010100101100000111101111000011001111011110001110
10110101011110000011000101110101001101001001111001100010110011010011011000
11011011011001010111101110010100100111011000010100101111001101010000110100
01001111000101010100011111001111110110011111100110001001110001001111100100
10110111011011010111011000110001001110000111010111111000110000010100011110
10010110001111111101111001010100000101110101011010010111100001110001100011
00101111011011000100010100111010101000010010000111100011111000111000011111
10101101011011000111011111000000001001111110001010011001110000011110111101
01010001101111101011100101101001101111110100010010111010000101000101101001
11101101111110100100000100001000100000000010111100011100001110010001001010
10010001001111001100111101100110010001011100011010000111100011101110110111
00000100010010111110100011000011101100010101010110011001011001111100011010
11001111011101000000101101000100101001110001000010110001101000010011000101
01110001110010100111101110101010110011011110100101101111111111010100000010
11001110010110110100010101111101101101011010101100010001100100110111100011
11010111000010100110110110111111000000100010010110111011010011100000101101
11101011110001000110001001100000001010000111101001001011000111100110001101
11111110011101010000000001101110110111010111100001110000001111011010000100
11010101100000000011010000110101111100001001101011111001111111110011110001
00100100111010010011110100011101010101101011100111111001111010111101101011
11001101101001110101101010011111010010111110011110001001101010000000010111
10101010100000011001011101101011111010111011101001010010101111010000100010
00011110101011110111001111110000111110111101001100111110110100000111000011
00110001011110000110010011001001111101101001111011111101110100110010111011
01100101101011000101101110011010011001000000110101100110100111111010010111
01110010111101101101000001100101110001011100100011111011010111001100111100
11100110111011010011010110111001001100000111101011001101110101010001110110
11110010100110101000110011011101111100011101100101101000001100101000101000
01010100111001101001011011100010101010110011011010100111110111010010111101
10110010100101001001010011011011100010011101111000000110111111011111000111
01000101111011011000100100101100100101111101100011110101010100011111111000
00011010100010010001100111010110101011111011011100000110001001100111101100
01101110001000111100110111001110001001011011010101000101100110001010000001
11101010100100010001111000010100101001110011101011100111100000111001110010
10011010010000001110101011111101011110000100111100110101001011000000110110
11011111100011010001110011001011001111011111100011111001011101110101001001
11101111111000000110011110110100100101010010101001001001101111010101010000
01110011010111101100111010101011011110001011011010010011110110011001110100
10011010101000001010111011111000101101100110101111010000000100001010110000
00100101011110101000110100011101000011100110110101001110000101101011011010
11001000100110010100000000001001100010111100010101010110101100001101001110
00101011100110101000100010011000001011000001101010100110111001000101100101
00001101001011111010110101001100100101110011101100101010001111010110000100
11000100101001001000101010100001110011110111101110000010110001101010110110
10110110001010111011011001001101000110111010010100011001000001011011110010
00011110010011101001010110001010100010100001100110110011100001110000000001
10010100101100011011011110011011110111010101010000011011111101011110000111
00111011111111010101101111111111010110111111010101100011011111110010100111
00110010101100110011000101010100000111010100000011011110110011001001001000
10011111010001011000100100011111010011001011001001000101010010100111010100
11001101110101110010101001010100000111010111010110111000010100111001111001
11000010001011101000000111100001100111110000000111011111110111110001001110
10110000001101011010011011110010110111000001111000100011001111000000100001
10011001110010101000100110011011000011011000111101000101111111001101110010
11011111110110111000001111100110010011011001000101011011101011101101100111
01110000001011010010110001111100100110001001011000100100110011100101010111
10101010011011010111011111001010100000110111001111100010100110111000110110
10010001111001111110011000000010100111101011010000111100010110110000101011
00101010011110101111000110100101000101011110000011100001000111011100100111
01001101001000011000000110111010000001100011001010111101011001001101100011
01000111111100000111111010011100111100100100111001100011111100000100001001
10100100011010000110110000111110111010011000101101000111101101000000010001
01001011101101100011001000100101101010011001101101111000111111100110101101
5
M 76 27 0
M 33 43 1
M 18 47 1
Q
M 6 12 1
4 4
0101
0010
0100
1111
7
Q
M 0 2 1
Q
M 2 2 0
Q
M 2 1 0
Q
1 25
1001100101011001101011100
9
Q
Q
M 0 21 0
M 0 4 0
Q
Q
M 0 4 0
M 0 14 1
M 0 1 1
78 69
010101101101101001001111100001011100000101000000011111100010000011001
100111110000011110100100100010110010001011011011111000100110100010111
110101111010001011101111000010110000001101001111100011010101101110111
011110110010010010011011010000011101011100000110100011011100001110000
100000000100110110111110111101010111101100001111000100010010000010111
110000100001100100010110000101100101011100101000011011100100110011001
010111110001011010000100000110100010110110010101000101000111010100001
011101001010110001111000111001111101010001111001111001101011100100111
101001100100011000111100001111010110111000011101001110010100110100000
001001001010110011101111010100111010001001000000100100000101010101001
000010111110010001000001100011000001011011001100110001010001011100001
011110111111001001010001011000001000010010100001011010001111010001011
010101011000110011110110000100011110010000100001101001001100110111111
001101111110010001100101110111010011010000110010111011110000010001100
011111111011010111010110100100010001101110011111000100110111110011101
100010100101111011100000000001101000101101101001100001110001011100001
001010001001110010100000001100110100010111111000101111001010000100100
000001110000101111111100110111101010110011011011001101000110010010111
101110100110011111001111011011110001000011101000010001001110101110100
100001111000011010111010010111010110100011100000101010100011100000101
101101011101001110100101000100101111011010000010011010001000000010000
011110000100010101110101101010111101010001111111101001101011000011010
001011110011110011010101011001110110010110111011101110111000011011101
000001001011000011011000111000111110111101101001101100001010101110101
101111100000001010010000011110011001111000011000101111000110000001101
101011101010011110000010011010110110110001011111100011111000001110110
000010000001000011101010000001101011111010100010100110001010001110000
010110100001110111100011101010000011110111101000101000000100000010011
001010100011101000100001100001110100100110010001111100000101101110011
111010001001000010110100110010110010101111010100101000101001000110011
100101010100011101101110011010110010000011100001000011011001111010011
101000111010100110111010011101110100001011000101111101001000010010001
000111111111101100010110100000101001100100100110001111011000101100101
000101011000010010000100101000011100000000100111100001111100011010101
111000000100000001010011001010010010100111000111010100100110000010100
000111000010000101001100011000101100111011100001111000111100011110010
100010111110101111111011000110010000100111111111101110000101001111010
001100100111011110111101011010011010111001110100100001111010101110001
110111000101010101011110011110110101110010000011001001100110010011111
110000100111000010000110111110010100001101110000101000000110000100100
100010000101000110010001011110111000011100111110010100000000100010100
111011100111010101000111100001111010111011000010001101001111011011010
110010100011100111101010000011101111010111110011010110011011001011110
010011001000110001011100111011101001011101011000010101001011011011101
111101100001000011000100110110000100101000011100000101001010110010011
110000110001000001010110001101001101111011111100001001100101101000010
110101110101111100001110110110010100110010110100011100100000111110010
111010011110111111110011011000000010101001100100100001011110000100000
000110000101101101101111010010011010001110111110000000111000000001100
000110001111011011001100111101011011100111000011110111110111001110010
010001100100100000110110000110001111001111010101101110001110110010110
010010111001000011000010110100001010010100101011111001101000011111100
100011001100111110100110010000101111111010010111000101111010100010101
111010110100111110110111101100100110000000110110000100100010111100111
001101011100111111001110011110100100000001011001011101011000001011110
000011011110111100001100100110000101011001101000111111110000010101100
001000010000011001101111010100011000111000111111010000101010100111000
011100010101000001011001100111011111011000101100101110110001111001010
000111010110010101000001011100011101111101010011010100111100011110110
001001011001010101111111111100011100110011001011000000110110000001110
001111101100011110101001111101000101100101101100011100011010011001100
110011101011100110101110000011100110111110011011100001010001110010110
100010001010101000111011101000011000011011011000010001000000110011110
011100100010000101101001001100010010010110100001010000101001111101010
100001111001100001011011010111111010100110111100001111110110111111010
110001000010000100101110110110001010010010101001011011110010011010101
011100011001000100001111001001110100001110010111001011000111000001000
011001111011001001001111000100100111100010011110100100100110111011001
001110110101011111100111111001010110001100010000001000110000010110011
110000111100011100111101110010010111001101001100001010111001111101110
000110110000010001011001011110011111110011000101110101001000100100101
001101110101000100111010110111110010010000011110011101110011101010111
101110010011000001101101111001010100000011000010001000010101100010101
101110001110101101101101100000011011100111010000111101100100011001001
000001110011010000001011101001010001001100111011000000100111101010100
001110110000111110010110110011101011111000100000101101000100000010011
010010111111100011100011001001011100010110101010011110001010101010100
001000010011011100110101111001010000001111111111001101001100111110001
5
M 36 62 0
M 22 60 1
M 6 19 1
Q
Q
