25
14 296 7151
-64 -30 32 25 -89 1 35 -85 -94 -10 -28 99 -25 -60 -54 13 -82 70 -83 -40 -47 27 -49 -88 18 69 -27 33 65 -42 32 -100 -22 -86 -25 -60 15 -90 -45 -28 0 -23 -30 25 17 -34 -63 -15 -64 -95 -5 -61 -18 47 -99 50 -35 -26 -68 80 -18 65 30 61 79 -95 51 -57 -85 -95 15 -35 -67 35 90 50 -99 78 86 -63 83 -20 -74 -36 77 -73 -87 -59 -49 -55 71 33 60 1 -57 -12 6 94 32 -29 100 97 36 83 32 -25 32 33 -48 17 20 -66 48 46 -52 24 23 -89 66 24 -93 36 -44 67 87 0 -45 -58 -7 37 13 -58 33 99 -76 -86 -26 7 47 -24 74 -34 -39 21 62 9 -55 -66 21 61 58 -22 -54 -86 -56 -67 -36 -51 -25 7 36 39 0 -81 37 24 -67 61 81 81 -63 55 97 -2 -75 9 57 -30 43 -73 -70 -49 5 -23 -85 0 -40 -21 -1 -15 36 -65 -77 -65 -96 11 10 -63 -79 -10 68 -42 95 15 6 -80 -77 -37 -60 16 -60 -29 67 46 -2 32 96 58 61 -6 93 -3 -21 -84 -18 -17 -23 92 21 -2 -68 -62 57 -74 53 -88 97 26 -75 -63 -58 -34 8 59 -89 56 -9 -94 -37 -49 -50 -45 -2 30 -79 81 -88 -2 22 -17 97 54 -28 3 81 -76 15 77 51 -9 -87 43 57 -29 1 18 77 42 24 -61 44 24 -5 -59 -47 -34 72 -84 65 -6 -51 11 -53 -29 -87 78
-7764 106
-2152 146
-3461 58
577 292
4303 42
7566 176
-6606 163
4542 143
5047 227
3183 196
8439 119
-1788 122
-3203 121
-7874 134
40 397 3526
-47 -53 -78 35 -96 -50 44 -97 26 95 78 -90 -39 -55 -53 -39 -64 -12 -13 80 -34 2 -22 -87 -39 6 -86 0 55 -78 -39 59 -30 -17 -7 -76 -17 87 78 59 31 55 69 92 100 -85 -98 -64 -47 -11 -85 20 41 -57 33 52 49 47 -48 -46 19 13 -88 39 46 -45 63 -72 -59 40 37 73 -6 5 14 -56 -29 17 -20 24 56 -55 -57 -3 -62 26 -52 38 -28 -50 92 92 63 -97 30 8 -92 -57 -14 -51 33 -78 72 78 28 -64 -79 49 3 -49 -28 -42 -54 -34 5 -16 92 4 72 -86 54 63 56 17 16 -65 -76 24 -22 11 24 -89 -17 -5 89 -90 -19 60 9 84 -90 32 -58 -94 98 -3 -60 39 -100 -88 53 55 75 8 -79 -59 44 96 15 72 -44 -62 83 40 -16 21 0 65 -70 -91 49 91 41 41 97 38 88 -63 -74 89 -51 80 -7 74 -63 14 -86 81 9 -20 3 16 18 -65 -45 52 7 55 17 37 64 -85 28 -46 6 -26 92 -7 -39 69 -69 10 48 24 -66 85 88 99 16 -53 -22 -82 63 47 -97 -83 -2 10 22 65 -53 -14 30 25 40 -65 99 -18 -21 -40 -50 10 20 48 85 4 -18 72 3 48 69 31 66 31 -23 70 -2 76 -71 -80 -10 -24 6 -80 51 96 -45 50 -73 -16 60 -73 45 -71 75 29 34 -43 -50 87 -96 -81 17 21 0 95 -60 99 20 -31 -82 -91 -4 -26 -71 -54 -81 -65 46 -53 19 -45 -26 -37 -15 100 42 69 -94 43 55 61 12 -29 -19 -89 -85 -29 60 35 -9 78 45 37 -49 24 83 -29 59 -21 -32 -72 -16 -8 -9 69 -9 84 -13 -3 26 92 -42 -63 -87 -11 99 -72 11 59 64 52 -14 -42 -12 -12 82 -80 9 -9 -1 77 19 84 -32 -91 2 60 43 40 -94 -32 31 -36 -45 44 4 -96 23 -86 13 -14 16 99 -6 -97 -14 -25 -77 95 16 -27 71 -66 -94 90 95
6576 224
6697 113
6341 121
6853 383
5050 186
-7817 257
6646 31
-6545 17
-9924 365
-520 290
-1518 266
-3251 239
2340 47
7866 237
-7002 326
-7524 284
6109 358
6188 43
-7471 16
8064 2
4826 283
-729 251
-3619 57
9503 177
6930 8
6882 246
7731 163
9203 118
-8512 395
9849 325
-2354 340
1502 311
-4783 46
-6354 217
-5550 383
2768 98
-603 196
4468 301
-7794 55
-324 393
66 565 9587
60 -2 19 73 -43 -34 21 -64 98 -30 -22 33 93 -35 75 -92 70 1 19 51 62 -33 67 36 42 -73 78 -40 5 -13 -43 -36 36 27 87 93 93 -42 79 40 -22 -44 -78 -30 -29 97 -21 -60 -2 48 91 -91 65 8 46 6 35 23 66 91 61 74 -96 -4 0 42 -62 -58 100 67 82 -23 74 55 -3 -56 51 76 -65 99 -27 -75 -92 -63 -17 54 -7 69 -74 -41 9 87 -68 13 -68 -18 -46 -80 24 -97 88 -45 -20 61 -91 78 -96 61 3 -61 9 27 -85 17 14 -52 -80 -93 67 -53 -34 -25 -67 -52 89 -84 -20 93 -64 -97 97 -77 -92 -74 84 -82 -97 39 29 -43 28 -63 84 -7 55 -3 42 75 4 8 72 20 84 -95 18 22 72 98 -36 -93 51 -40 -69 60 -13 65 78 -60 3 6 -3 -69 -7 -20 24 98 28 -85 73 -69 24 44 52 -43 -1 -31 29 -30 -83 93 -72 68 -97 -41 27 -10 74 -46 30 -73 10 78 -42 -97 -93 32 -100 35 -2 23 67 72 -83 -32 -72 -34 37 7 -13 4 -1 15 -28 2 24 49 42 -53 54 -78 -26 -37 100 -18 -84 -94 -86 68 42 -38 -10 8 -67 -43 26 -89 24 -88 18 -90 17 -84 -25 89 -31 49 -13 -90 96 -60 -68 -30 -46 -69 52 -30 -62 16 -63 30 78 28 88 -90 35 13 -79 -42 25 39 -82 -59 6 -57 80 75 92 -33 85 38 -43 -83 -93 11 99 59 82 87 -75 -82 16 -98 -4 3 64 -69 -85 85 -61 -9 -26 -92 32 30 -49 12 4 94 29 -62 31 86 -95 38 -3 55 -54 -72 41 -29 97 -93 -76 -57 10 88 -76 -24 22 -37 17 46 -79 -52 -25 -27 10 29 -34 89 18 97 75 -27 -16 -79 -73 -20 100 69 52 96 76 26 89 -65 13 -88 -39 85 -74 78 31 -53 77 56 20 -64 -15 36 -75 53 -18 100 -75 66 71 -47 97 70 72 48 15 47 -27 4 32 36 16 44 20 -8 -29 -50 40 -53 57 -41 -16 -59 46 -41 94 -73 -92 69 44 79 -79 40 -2 93 -63 63 -11 10 -84 72 96 -17 -35 15 75 36 16 14 34 -28 74 68 -37 19 -74 -94 -4 -66 75 -61 63 47 79 -40 -11 -85 73 79 -25 90 50 -30 -28 65 36 -54 0 -99 61 -67 -77 -16 51 -64 53 77 93 -52 -90 17 -62 73 -37 -84 83 53 83 56 -19 -43 -5 81 -22 67 45 64 -88 -56 15 23 -72 -12 -94 79 24 9 6 -34 58 -34 83 96 90 97 62 22 -1 44 -23 80 52 72 10 80 -12 -46 -7 -49 -52 -93 74 -74 -5 31 56 69 -61 -39 -66 47 27 67 42 -34 63 -46 89 -39 98 -85 91 -1 88 0 -72 -75 54 21 -24 53 28 -50 79 73 81 34 -9
-6929 492
4381 434
6581 71
-9573 391
9063 467
-6336 173
9792 83
7166 121
7702 16
-1243 284
3970 200
-794 107
5419 512
-803 102
1413 394
-2937 472
3083 192
-1975 50
1224 422
151 335
5684 143
7676 446
-7288 143
-9658 187
9708 390
-949 5
-9757 177
-5376 399
-2426 487
7226 342
-8674 212
7192 50
6894 10
5234 95
-5169 525
-4154 176
-7080 357
5990 321
-4197 52
-234 87
2872 399
-7091 452
-9206 188
6219 120
-8646 215
1076 412
-1106 123
-1749 251
-9075 546
7627 558
-1132 195
-3729 37
714 227
-8859 471
-3966 278
-4252 149
3446 69
9464 107
6191 306
50 361
6568 109
1387 368
3114 89
4970 358
-6879 392
-6484 3
20 172 2778
-71 -64 22 65 -20 6 -47 76 62 -86 -59 60 -96 -58 3 -97 9 -68 26 -31 57 10 61 24 39 -99 59 96 -51 -46 23 -22 -60 96 -57 -29 1 -54 -54 -88 -90 -63 73 66 -71 -25 69 38 -42 -5 57 65 55 17 -61 -7 19 98 -61 18 -98 62 46 -58 57 39 13 -93 85 9 71 46 46 -7 11 75 18 -21 -38 76 24 -82 -9 -22 36 30 22 -96 -23 61 -28 -21 -28 -83 -28 80 57 85 37 -9 -56 -43 -64 40 50 47 15 -32 77 27 94 0 -4 -16 79 82 -87 -50 86 -59 61 -93 20 -68 -76 42 62 81 27 -1 -28 21 6 8 -40 -44 -95 25 -26 82 -48 -33 -19 48 2 -91 -21 -35 -91 -86 6 70 -79 77 -98 -55 18 14 77 95 63 -52 15 -31 6 76 25 -39 0 99 -58 2
3713 82
1942 89
550 2
6101 98
-2249 94
-8776 124
-3500 43
-5382 36
-759 35
1944 30
-5075 96
-3395 134
431 50
-3151 79
-3510 118
8361 28
-3349 74
-8287 75
5167 98
-2165 166
9 738 8945
-49 -2 -63 76 -19 -56 -33 29 -43 -85 -65 -44 -57 36 -95 44 -6 -23 -42 -99 -68 3 36 13 31 61 -59 -2 -45 29 -82 -44 -73 -95 83 -42 -50 100 87 -43 -86 -79 13 -43 7 18 -100 51 46 -91 53 28 12 -62 -60 93 49 -18 -10 -96 61 -42 -90 38 -36 93 97 14 93 33 21 -94 5 -67 -36 62 1 -86 13 -54 -77 -85 74 36 -47 65 28 -98 97 69 57 57 77 67 -5 91 10 -59 -46 2 24 75 -42 -72 -93 22 91 -41 37 -47 -45 10 -32 80 -55 -29 44 24 -77 40 -58 30 -54 -82 -53 -9 -91 57 -18 -37 -92 -94 -62 -34 85 96 39 75 -96 -75 -73 -40 35 -55 -61 31 -33 33 -96 -10 -78 -54 71 -32 -86 -83 10 74 24 92 -63 32 48 -75 48 33 71 -14 -43 26 11 -65 86 97 -20 75 -23 -3 7 -19 38 29 -23 8 47 -9 25 -94 -35 99 49 -48 30 -4 -73 -23 79 98 14 -64 -27 75 -29 -42 71 1 83 -53 99 -11 -22 -14 68 55 94 -35 -54 -32 -29 -39 -34 70 13 46 -84 40 -78 95 -13 -14 81 61 -39 -99 69 82 3 52 80 -49 91 -43 37 59 -88 -20 74 -92 48 95 -31 64 65 82 9 81 21 -19 25 58 68 -44 18 -72 -43 -13 60 60 89 39 61 79 97 -3 37 59 27 -40 67 -26 -45 -65 -63 -81 67 -4 50 -63 78 -76 95 45 -20 -37 23 38 0 -18 -53 -12 72 -92 -34 18 -45 54 -24 83 -87 93 -94 -82 -73 -56 88 44 40 37 81 -33 12 25 62 92 88 -16 -21 -63 17 27 25 -62 -15 42 56 40 -55 -69 22 -92 -77 29 -73 -100 23 -86 -6 -88 2 -26 -20 -87 49 92 55 -13 -74 85 24 43 11 100 31 96 41 -14 -15 36 -33 -93 44 -60 -14 21 -60 59 36 -16 71 88 8 -100 51 -44 93 5 43 69 -61 -83 -39 50 -84 92 -5 7 -23 31 -58 -6 -12 36 34 74 -43 24 -18 43 -93 -98 30 15 -97 -20 21 46 35 -86 -36 25 -69 25 -26 98 16 20 4 43 -50 -4 -64 38 82 70 -39 -62 -7 43 31 0 -5 -90 65 -2 -10 -15 94 76 -1 -43 0 30 82 24 -23 -53 94 31 90 94 -74 -75 -19 59 45 -8 47 -63 85 -22 -13 -20 -12 -49 28 29 37 -28 -46 86 -21 54 16 -89 -73 93 -42 72 -26 -52 65 0 -77 97 -92 69 -12 56 56 -27 -67 -57 53 -29 -6 -70 100 81 2 -47 67 82 57 -68 93 35 75 -50 6 -52 -52 -30 -1 -78 -84 7 91 5 -38 -4 78 -55 39 -20 17 84 10 -34 64 63 20 -20 44 -74 -38 36 61 -63 36 -34 -65 35 -13 34 57 3 92 -3 -93 -97 93 35 -51 32 65 16 -35 -75 82 79 88 -49 -41 31 -22 -29 -84 -62 8 52 5 -6 -64 42 78 93 -56 69 -61 -98 73 -68 -13 72 14 -98 -13 29 -73 -82 7 -86 -30 16 -5 48 88 11 86 -5 -88 -60 39 -51 82 17 92 77 -15 -69 29 -93 -87 -85 79 -23 -83 -85 -95 95 -66 12 59 4 -72 -47 -99 -85 14 87 -40 -23 78 100 26 9 16 -33 -65 51 -52 64 9 -39 30 -63 38 -3 -47 -7 -8 -63 -95 -50 -9 84 -46 -8 49 68 -72 -92 -56 -95 58 20 -35 -77 38 0 75 86 -36 -67 -53 94 -30 35 -10 23 79 32 10 34 33 -100 17 87 -58 -85 54 -29 -77 49 -74 32 -82 -9 55 56 92 -21 42 -95 12 39 99 83 -77 -62 -45 -99 21 16 -15 -47 16 -99 -61 9 -84 43 30 91 -59 56 -28 -40
-8092 122
-7332 630
9564 543
4924 105
-375 244
1659 614
5982 99
-9570 269
5878 393
62 269 6712
56 74 67 59 29 72 1 -87 83 -9 64 -68 32 -3 -36 -32 75 66 47 -40 24 -74 49 51 -53 -59 5 -38 54 -6 -6 9 -83 -89 -83 46 83 -32 9 15 59 -28 47 -60 19 61 -41 -57 -24 -95 3 51 82 -49 -49 79 -57 56 -60 47 -100 -16 -95 -83 -5 -78 14 -73 -10 73 -7 99 -55 90 89 64 1 -53 58 77 -98 -40 -23 34 -38 29 12 5 -66 52 -49 -66 -64 -44 -98 -19 -72 16 -41 -32 -12 2 -34 -17 -9 -96 98 42 -48 55 19 -96 -86 46 39 -24 -26 -50 31 9 53 82 -7 39 88 -5 70 -85 61 79 -17 100 -20 -1 -18 22 4 -71 -37 6 84 32 10 49 -22 99 75 2 -51 6 61 52 -63 -46 -10 -75 -1 -41 -60 -90 -62 24 -91 -32 -78 -59 90 -24 -29 -97 32 -96 -15 -58 53 63 91 28 -85 90 84 76 41 -80 80 -70 -55 -71 -10 -64 -61 -22 60 -52 46 32 -61 36 59 10 -11 -10 -35 74 -18 -83 -13 -27 -5 2 -38 -72 -73 54 -51 58 84 -56 87 -77 -20 76 1 90 -77 98 -28 -88 -17 81 23 72 -30 38 45 53 5 82 76 -100 -17 88 79 -39 41 -73 69 -25 -78 5 -2 -48 -20 50 93 3 47 -36 15 80 -56 88 51 -36 -25 -55 67 81 -73
670 266
32 70
-4398 160
-5470 147
-2455 8
729 257
-1713 145
6715 115
-837 5
-7396 150
2028 151
-3619 67
231 256
9514 124
2890 172
3235 39
-6092 58
-1391 112
-1714 140
7481 142
9861 160
9976 128
-5578 36
1693 109
2970 227
-9929 1
-8036 56
5040 152
7881 174
-157 217
-6904 85
8052 88
66 207
-9766 45
9799 33
7904 180
3366 2
5247 72
8291 235
1373 32
-8765 15
9979 33
-8384 214
9115 226
3291 193
7710 149
5757 161
832 105
-3859 10
-2106 19
6223 22
3040 237
-2602 192
1097 126
5226 175
-9332 194
-8646 34
-2898 262
9385 255
-90 51
8895 235
6503 252
77 736 8737
18 -73 94 -97 83 -40 57 72 -50 -61 51 -42 25 100 -99 66 -29 -85 -97 -55 -20 21 -13 -3 9 56 46 -59 -24 -44 -27 95 -17 -34 98 -34 -24 4 88 26 43 38 34 -82 -13 36 34 8 1 37 53 31 -43 90 -73 17 46 73 58 -79 80 81 66 -38 97 13 -22 -28 68 -85 49 -40 3 -68 -22 90 18 -89 -3 -82 49 100 50 56 90 77 -28 -15 0 80 6 -21 60 -78 -9 6 35 20 29 -48 -15 -23 13 89 9 91 28 78 53 76 96 -49 75 -5 57 14 -78 -71 99 -28 -92 -45 1 19 -23 92 75 62 -39 3 -86 -3 30 27 -15 90 -33 -88 67 70 38 62 71 13 -93 28 -74 -71 57 76 1 15 -70 -99 84 7 43 59 -82 55 -89 83 -49 42 -41 -14 31 27 -2 -3 -54 -64 -92 -83 -1 66 -5 -25 95 -49 -50 -55 16 -20 97 -50 37 -10 59 6 -56 70 -12 -55 11 48 31 92 -76 79 -62 -80 65 98 88 -87 63 -18 -11 8 -17 -11 53 100 70 0 100 -44 90 58 12 84 -23 -100 -72 39 -2 9 30 -28 -13 19 -8 -98 16 -70 -85 -72 12 4 36 96 94 -61 45 13 39 -6 19 -22 -49 -69 -39 -22 82 -61 -84 -71 48 -3 -49 85 -85 43 87 -19 23 53 9 -65 -94 96 81 100 -66 -25 -38 23 69 32 -100 70 13 -89 -53 -56 -50 -36 -27 48 11 24 32 26 -84 -31 57 40 -79 -85 25 -73 -90 5 78 95 80 90 -33 48 -29 -33 17 84 -72 14 -73 -22 78 -50 76 -62 74 8 64 41 27 -30 -70 -2 -14 55 -25 -54 -41 -98 92 89 43 -42 -14 -87 -24 -98 98 4 -34 75 33 -56 -75 8 -18 49 66 97 -11 -58 -84 19 40 -48 -77 66 -1 -18 68 -60 -80 10 -2 6 24 74 -42 -29 -72 25 96 11 19 -80 -82 51 20 35 -3 59 27 14 -72 -33 66 -49 83 -86 -16 50 -46 4 -90 3 -90 34 -74 -32 55 -46 43 50 65 -39 21 34 -88 -60 -82 9 99 45 73 -74 62 -11 -72 44 -47 12 -6 -42 -85 -46 61 76 88 87 95 -8 92 37 -59 6 49 12 -61 11 52 -93 -81 1 53 43 -23 14 -69 5 -92 -16 -84 -48 -8 83 6 -48 58 -57 90 2 35 31 -61 26 -64 38 -62 -74 -52 40 -67 -83 -60 36 60 -32 -100 41 73 -92 76 40 -40 -33 -28 66 -30 -71 -92 -41 -18 -7 90 -29 -82 76 -92 -94 -99 -44 47 86 -27 37 21 84 -96 21 24 28 29 -51 -83 39 17 -11 4 37 -32 -38 96 50 55 35 -80 24 10 -72 30 -38 -66 -74 -53 8 64 18 -59 18 -61 65 96 18 65 -88 -43 -69 1 11 68 70 74 13 -31 -22 -53 -10 -99 7 -32 -18 19 3 8 66 61 -79 -16 -99 40 -27 16 35 91 -70 48 -53 -39 99 9 -72 18 -18 41 88 60 38 -73 12 -55 -55 94 64 48 -49 -20 -42 -27 14 -91 -88 87 -24 -3 27 6 -56 25 68 94 -67 96 11 -35 -13 -52 75 -76 -25 -14 -81 21 -71 34 -82 -19 -87 -73 54 -23 -64 16 -87 12 -88 40 -82 -93 -86 36 -100 -53 -19 -39 -38 68 10 -63 93 35 -27 -89 -95 3 45 75 34 8 -99 -13 35 -63 53 48 0 65 -62 18 22 -48 -97 22 -50 -16 34 12 -48 94 49 -56 -22 -78 -95 -16 -25 1 -92 -92 59 -91 -55 -6 -54 98 92 46 12 80 -87 -66 -68 -84 6 -68 1 -61 -6 53 83 94 47 -39 66 2 -5 -60 53 3 99 12 12 -57 56 8 91 -3 -96 2 -23
3298 701
8635 38
-3700 734
2191 190
716 642
-9788 488
4596 533
821 380
8411 493
-1637 218
3764 548
2324 684
-7947 599
3060 144
-1067 244
-2615 278
-1480 136
-4034 136
4823 392
9519 66
-4808 146
3926 25
-6450 181
-3834 270
3828 705
900 299
2350 579
2401 40
-976 263
-6068 320
3591 11
-6091 428
-8943 402
-5628 730
5473 380
-4861 68
-2659 327
-9549 181
1254 722
-5987 670
-1412 427
-9886 697
-8144 705
-7218 200
-4582 411
6279 451
-4528 94
-5161 282
7504 196
-3870 42
-9458 49
7361 302
7776 651
-3785 372
1871 422
-8448 82
-1139 252
-1163 95
-8377 269
-961 677
-505 304
-230 79
-774 24
-4783 383
1262 574
-2853 509
58 248
-6592 712
-3960 47
-9417 290
-6428 368
-4190 295
-2478 639
592 106
7429 686
9908 53
-1331 152
39 863 6032
4 88 -97 -42 -43 -45 66 -43 -100 6 -48 86 -89 91 58 63 -20 -6 -78 -45 86 48 -44 -88 -73 -34 54 62 -72 -92 29 -18 46 -17 40 53 38 -44 -90 -11 12 -38 -76 -27 -47 82 -65 -17 -25 -92 -11 -89 56 45 -77 34 -89 27 -5 90 35 74 -78 -69 -94 62 84 45 68 44 84 -71 57 -93 3 60 89 -12 -58 -87 -54 31 -76 53 -74 -53 -14 -63 75 31 77 -41 4 99 -60 11 11 75 -95 -22 -32 89 -42 -76 96 11 34 34 99 77 47 -55 -43 22 98 -67 19 -67 -30 -57 64 98 -47 -33 96 -57 28 6 -83 -17 35 -14 -29 43 -40 -84 -47 95 0 -49 21 -53 -54 28 19 94 62 88 -74 82 -69 40 79 -66 58 25 -23 -15 -70 -55 69 15 -19 90 -43 41 57 10 -15 -44 12 56 -47 58 -16 72 2 96 10 -22 27 41 -82 6 25 76 -70 -99 -90 -90 97 79 -24 -23 19 33 69 -25 94 -97 -19 -45 60 35 63 94 -44 -36 39 66 43 -35 -44 11 71 81 -14 51 83 -4 12 79 -75 88 -94 -6 -30 75 19 -87 78 100 -32 -13 34 -69 -20 91 -55 -82 56 38 -16 -88 -52 -96 43 34 6 25 81 -83 -46 -95 55 -90 -1 -76 85 68 89 12 67 -44 100 1 -63 -71 -59 -17 99 47 -80 -68 9 -31 87 -48 53 -8 27 33 -41 31 -12 -87 41 37 89 -25 4 77 38 -29 83 -13 22 -80 16 63 3 -36 -41 -27 -4 69 -8 -17 -80 -55 25 47 28 85 -72 67 48 69 3 36 95 58 -38 32 79 -55 -82 0 -35 -16 -88 18 49 -29 91 95 -61 -67 -23 -91 -22 53 7 56 37 35 22 -66 -47 76 71 -53 33 -68 79 11 -23 97 61 -8 -19 73 -91 80 94 51 74 84 84 -99 93 -89 54 -51 17 -60 84 -61 -26 88 65 -56 -66 -53 -73 -87 8 -46 60 -32 47 91 91 6 70 84 -94 -6 17 90 -5 -40 51 -52 9 -32 -12 -57 -43 12 -70 72 57 -36 -82 34 -73 26 88 88 94 -16 28 34 41 -2 17 47 92 85 -13 -64 -56 88 -16 53 -95 22 46 -88 -67 76 84 40 91 -99 -77 -83 -23 62 55 -80 96 -17 54 36 81 -79 -67 22 -95 -30 8 -51 -93 42 52 -87 -37 -2 -75 -54 -27 60 37 -87 11 60 -69 89 21 86 -92 17 -82 13 -98 49 34 86 -30 39 -45 78 88 -87 -31 39 -74 32 -64 -99 29 -40 11 -85 -27 -78 75 -46 61 -54 91 69 13 -92 -19 15 58 -86 -49 78 3 -44 6 -60 -31 75 30 -55 -43 16 -53 86 76 58 -100 100 30 25 -97 -10 21 94 -91 -67 -98 -10 -1 10 -45 50 -13 8 -95 93 49 -25 18 -22 20 75 94 17 10 20 -75 -40 -31 55 85 -28 -55 6 -34 -96 -11 -82 -56 88 -22 -51 37 65 58 43 8 -44 68 -75 34 -13 50 -23 -96 -41 97 80 19 -85 34 -47 -12 29 9 4 33 99 22 78 86 50 77 -27 14 34 66 72 90 33 97 -27 70 46 51 24 55 -3 3 -27 -37 88 27 51 16 86 -46 100 84 26 27 20 -25 3 43 39 88 8 11 77 91 -43 -100 60 54 1 -66 8 48 -13 82 -90 -26 -42 61 41 -57 65 -10 78 -10 -84 -53 15 -31 90 -46 -44 -3 15 84 -63 72 34 97 -25 -66 81 84 82 -32 15 93 42 23 3 -68 16 -32 22 -7 8 38 -10 74 58 -21 78 64 26 -8 47 63 -87 -20 10 -11 -36 -10 -78 -54 8 37 89 -50 -91 -9 -18 25 9 55 69 68 -58 -42 -9 100 -12 -32 64 -87 10 -40 77 -27 -9 -64 62 55 -24 34 -100 85 -30 39 -66 -71 81 -34 55 -61 -80 -27 -94 -87 31 -3 -88 69 15 26 83 75 87 9 -52 -23 45 60 -69 -80 -6 83 -96 14 -29 89 44 -49 -95 -2 -9 76 21 -53 89 -49 -5 52 71 60 -23 53 35 -37 -39 83 -10 56 42 -28 26 -65 -96 -19 50 -25 -81 -7 -23 -76 41 68 51 -39 65 -11 -38 -41 -60 83 -81 18 35 4 31 46 -14 -79 -49 -73 -57 78 -87 -53 -42 13 -28 -23 56 49 -48 -4 -34 53 7 -69 -59 19 -60 -18 2 -91
3875 96
-2993 120
4117 91
1592 60
-9100 498
1619 789
3282 90
9156 511
7598 507
6651 301
2074 799
4243 78
2352 299
3321 370
2477 428
-4548 422
-8330 638
1743 556
615 81
4469 81
3999 86
-537 767
-5885 498
1342 738
-5803 448
-6869 712
4353 64
-8946 376
-1946 848
7970 96
-4786 448
603 824
-6678 84
-3609 465
3121 270
-828 630
4389 438
8121 418
-2748 835
96 258 8144
76 28 40 43 -61 6 -85 61 -97 53 7 61 -84 -6 -93 77 45 -13 -27 -42 32 -58 -8 -98 -12 -58 5 -31 -60 97 -94 66 25 46 -41 64 -49 -76 -26 -45 78 31 -85 44 -75 73 -29 70 -91 44 79 41 86 -30 44 -27 -38 99 -8 -47 95 -2 -82 19 95 -73 -68 96 -48 7 -50 80 88 -84 23 -88 39 94 83 -1 -13 61 -61 -28 81 33 -5 94 31 37 -54 -24 86 -86 45 80 -58 78 25 -56 -66 76 -77 -79 42 -4 85 -70 -60 17 29 27 -23 69 50 -93 -49 -56 -100 33 32 -54 -92 17 -89 53 -54 -47 -20 71 -53 -36 -4 -30 -64 -63 66 -80 -82 56 37 47 -17 64 -35 -68 71 17 -74 22 100 58 68 -93 -26 79 10 20 82 91 -59 -72 -96 37 -52 -60 25 65 -40 43 20 97 -11 53 10 5 85 -19 72 -89 -98 71 19 20 28 94 -51 -63 -37 81 78 4 60 83 92 58 -78 16 22 -67 -42 93 80 -3 45 -10 -99 -20 71 23 -59 23 -7 60 93 71 3 92 -92 17 23 36 -80 -18 18 62 -61 -9 -23 12 24 -15 4 3 83 -52 93 34 -22 13 -43 19 86 0 -21 29 -29 32 20 -71 -52 -58 65 -81 -26 -67 81 14
7242 73
7788 18
9610 16
396 168
2788 118
-9877 21
9579 241
4834 132
-6800 97
2885 157
4747 256
8783 236
8945 212
5822 83
-8434 62
4868 175
6963 68
-7097 249
-7582 4
5841 150
2324 239
-2704 257
5909 186
5384 77
1084 15
-2438 224
-7571 105
-1011 180
-5894 240
-5752 17
-4580 85
-1800 163
9213 111
-7326 230
1844 48
-5722 222
-4360 19
6070 243
-8855 86
-5622 224
-6559 24
-779 91
-7996 126
4686 181
462 11
9225 136
-4509 109
-4295 243
-4031 188
7496 62
4336 64
-8020 0
7069 240
-4755 23
6945 32
-8396 154
-8438 163
-23 178
-965 1
7120 124
-2683 25
-7180 101
1210 44
-5048 81
-9375 28
8713 203
-2057 162
8659 167
-3816 180
667 206
7248 172
-2766 3
-6904 82
-3903 102
-4405 16
-7211 79
723 221
6883 160
4135 1
-3447 232
1724 127
7163 113
3400 114
-1601 168
-2834 206
-7289 234
8778 211
-6778 182
878 153
-8555 94
-6302 245
-9454 195
3565 80
-6205 208
-7016 73
-99 95
100 875 6604
48 -75 93 -51 -38 12 10 37 -75 85 -1 -48 0 -93 -12 33 73 56 13 -90 -66 44 -56 -24 59 31 2 -9 -28 68 -91 70 93 -98 -82 -45 -36 29 42 -11 -37 -60 -8 13 -52 80 -54 71 -15 9 31 19 -48 76 96 61 -44 -3 -99 -22 -36 -89 -53 -94 64 -84 -89 78 -5 54 -34 8 94 8 -79 92 -13 -33 13 72 76 -57 -9 79 69 -64 39 -76 33 -9 -48 47 -48 0 53 -85 -34 65 43 61 -32 59 -32 -39 -33 -11 -97 54 6 -34 -24 -68 9 17 61 -72 53 -51 -98 -65 40 -45 82 92 5 -16 57 71 99 -1 -19 -34 -42 49 -22 25 89 -69 -72 -56 -3 4 -74 56 -80 87 84 73 -64 87 -93 76 92 39 18 -4 74 -26 -84 72 74 -3 -62 82 96 -34 6 84 -3 34 79 94 89 -96 49 -92 92 -17 32 78 -31 -11 3 -40 -72 -80 6 -99 -5 22 23 -82 -82 11 100 -87 77 -45 48 -27 89 -24 -84 27 -20 66 36 -79 -52 -83 49 -33 6 -48 -23 34 -28 83 -15 17 -46 -92 -15 -28 -31 -16 -65 -54 39 83 19 -22 -42 36 -96 -11 -49 -10 -40 -51 7 -91 -34 -87 -39 43 -3 -17 -25 33 51 29 -9 -65 51 60 20 86 56 -92 19 -25 -64 27 61 92 66 62 -69 -74 61 39 -65 -74 2 -54 19 49 29 94 -69 -21 -28 -28 -35 -78 -68 85 58 88 43 -74 -88 80 54 23 21 -31 -66 52 -5 95 -60 -20 -80 -8 26 39 92 -95 -18 -78 -66 54 -55 -1 26 -23 -67 -16 -86 77 10 78 6 -87 -50 77 -67 -15 28 28 -21 19 59 -50 -90 -66 39 -99 -61 -79 75 -26 25 -81 23 -49 -54 57 35 -90 -17 95 38 39 59 89 15 92 -27 93 -31 2 11 -73 52 -28 -38 -9 -27 -49 -38 98 -25 87 67 99 -63 -88 5 22 74 38 -33 11 -24 -75 -1 41 67 22 33 -65 -76 95 -87 26 -34 -75 -84 -11 -24 -72 -63 2 -85 -97 0 -98 67 55 25 40 -8 92 -50 18 67 0 -92 33 -79 41 18 -55 -15 -19 72 1 6 38 91 33 17 -73 -66 32 81 -16 34 47 -62 -92 -14 -20 50 -13 98 16 87 -95 99 -93 -4 -33 -97 32 48 25 -68 -96 -88 73 37 29 100 21 -40 31 -96 45 -23 93 3 14 -28 -47 -100 -81 69 87 75 68 44 -80 85 -3 52 32 -79 35 36 85 7 -78 13 -43 -7 24 88 -3 -82 -36 -11 21 78 11 74 78 -20 43 14 -46 -40 -92 -25 -56 -45 77 26 -73 11 -88 -89 69 85 24 -75 -22 98 -88 75 -85 -74 -86 37 -96 -25 -40 32 56 53 97 60 63 55 85 57 -91 62 -17 -64 -78 -55 -53 91 -71 22 -85 7 -31 78 -68 -15 -96 97 72 59 -79 -69 -10 77 35 -64 -13 -3 91 -29 -46 -100 -68 -13 87 -95 32 85 96 11 -44 62 69 25 -11 51 60 -7 -3 31 -49 18 13 -8 -55 -53 28 32 -6 19 -98 -2 -31 86 85 -95 91 -34 90 36 28 96 -3 -4 21 87 -54 -20 -71 43 62 -19 -90 -26 73 -45 -29 -50 87 65 69 40 -87 88 25 98 94 15 -86 33 -100 42 29 -2 88 -51 -66 84 -21 -37 -24 -60 -6 -14 14 -84 -8 35 -33 -72 -50 86 68 -37 74 -58 -40 67 7 -76 -51 8 16 78 -95 3 77 90 -64 -44 -48 12 -4 -3 49 61 13 -60 -5 80 -32 45 66 87 -93 -11 -72 -82 -95 36 93 -46 -57 9 -68 99 62 -92 88 49 -86 90 -40 11 -64 59 -79 50 99 16 -21 -83 -89 95 -97 69 -17 82 87 -12 17 80 43 10 -62 25 8 50 -17 -55 -2 -2 86 9 59 -79 -33 80 21 -34 -55 -100 -67 -44 95 87 -75 -72 68 62 16 -65 -9 -42 45 -21 33 -97 -71 -84 99 27 14 84 -65 -28 56 3 -99 -24 19 -54 -74 52 -47 72 38 -72 100 -45 90 15 -10 -69 24 -65 10 -44 89 39 -28 87 -84 36 21 -49 -93 -24 4 59 2 73 56 -21 -26 -92 -50 62 -64 -51 -83 76 64 7 -94 -63 -8 17 -6 -70 -45 16 -83 -79 -48 -12 -27 -91 14 27 19 -85 0 -26 -6 74 -18 -6 36 -32 43 53 -57 -43 -91 -50 -6 -48 17 38 -18 22 -96 -1 44 -94
4705 426
-4503 856
-6124 120
3173 745
-5219 650
-2950 674
-4290 90
-2308 867
3028 637
114 265
-5921 706
-8301 379
-2339 668
-7200 76
2964 268
3336 459
3089 671
5462 837
-7762 196
1436 624
1087 254
4605 244
6622 556
5179 444
2137 278
-3256 440
-9661 565
5759 673
-9411 49
-3236 642
2286 473
-5057 91
8933 643
-3940 163
6481 715
5633 766
9703 266
1805 393
9976 371
-306 219
5997 603
-1673 735
-1398 580
1778 629
86 363
186 27
-7639 599
1466 208
-7025 103
-93 310
8744 237
4464 866
-6783 313
-7789 428
6972 278
5305 436
5785 409
-9534 300
5159 784
7299 698
8227 428
1336 211
3776 798
-676 498
-2230 767
-6353 821
2211 88
2400 609
1820 299
-7659 187
238 787
2922 560
2441 874
4130 389
-647 18
-9715 158
74 63
5610 553
-8136 765
-5680 864
1605 63
9868 763
3519 725
-3316 529
4321 637
-8429 680
7835 419
8022 824
-2119 351
-8406 304
1020 551
2256 770
7222 808
-5057 555
-9761 579
2441 457
-9049 434
-6900 748
5738 819
-2750 387
30 84 9854
-48 -85 -63 77 35 72 -92 -20 39 52 -3 -43 26 76 54 69 -45 -81 -3 -83 21 67 88 99 -73 83 96 -55 40 23 53 42 38 90 19 -78 11 27 -48 -51 -71 0 -44 55 -75 60 -27 -19 29 20 -52 -51 -14 87 98 13 69 94 8 -42 16 -40 100 -97 100 -32 77 10 96 -72 9 75 -22 16 -21 4 -75 52 35 55 -79 83 -97 7
-5099 47
-5006 28
-8400 65
2551 55
-7401 78
-7043 54
1387 32
215 46
5080 41
5041 56
-9807 40
-122 64
4349 44
5171 25
-2673 82
-8664 81
-4801 78
4537 29
7596 23
6431 59
922 18
-775 72
-5671 76
8070 18
-1749 11
5525 30
-1759 29
-4137 14
9974 40
5765 46
10 3 4
7 -4 -1
-10 0
-7 0
-7 0
-4 0
-3 0
1 0
2 0
5 0
-5 1
4 2
83 705 6682
-31 -59 -44 71 48 -84 -66 -17 47 11 -1 77 -27 9 46 32 -33 16 -88 -35 52 5 -32 0 52 79 55 -81 37 -77 18 -95 -86 74 27 12 40 11 95 -13 -79 -7 -37 -56 -98 59 76 -81 -75 88 -66 27 -8 -47 77 94 -69 -18 -87 68 5 -19 24 -31 -95 -100 81 -5 11 75 82 -18 -83 95 -24 70 4 -49 39 29 89 74 -95 -69 -74 82 -76 -43 -37 88 75 18 -81 -52 87 -76 -52 67 19 9 -9 -49 41 -41 -55 67 79 49 68 18 -73 57 -59 -68 88 -33 65 62 -26 -73 0 99 46 19 -53 -18 43 -55 -51 -39 5 -10 -38 96 49 8 63 28 -94 30 96 85 -64 -64 67 -77 -47 31 36 27 59 -65 25 -46 4 22 36 -54 18 35 -43 -78 -75 20 68 74 78 30 -49 34 -90 -54 18 -54 -68 -15 -80 -15 -85 56 -89 24 41 -13 78 -56 59 14 -60 -24 -52 -53 -2 -77 17 -34 48 -6 46 99 79 56 96 -4 -98 -73 31 -78 -37 -3 28 -26 -80 -32 11 49 -38 -30 -88 2 46 -90 49 95 -66 -34 -90 82 10 6 30 -12 -88 25 35 65 3 -35 37 66 62 -36 90 33 -18 -49 -19 44 -29 -7 96 -84 3 -6 61 37 60 21 -32 -80 78 99 8 90 -27 -58 54 76 -42 -10 -9 70 4 -69 2 86 -18 83 -21 53 -75 -76 19 29 18 -70 -85 -72 51 -16 -52 -22 -18 6 -33 5 -1 71 -19 57 -90 22 26 14 53 79 -51 -66 11 -22 87 37 2 -44 -85 -80 -14 81 -52 87 -36 -54 -35 -4 52 -18 -99 -50 -47 -68 -94 -37 54 -17 78 7 -39 77 -9 22 -45 -72 -42 57 -16 -77 27 70 -96 75 6 -82 -80 71 -35 73 -47 -84 73 -44 -52 30 19 52 -88 -54 -42 -77 -77 0 45 -72 28 54 85 -89 77 -38 31 81 -64 -64 100 -93 58 -36 30 -90 -20 2 -34 -22 -69 35 -71 94 32 -62 -84 55 -12 12 33 -85 -35 -33 77 92 29 7 73 66 -7 22 23 -50 36 -48 -90 66 4 -74 94 -14 62 -78 -21 -7 -90 -54 98 -2 8 30 -37 73 47 -61 64 -24 -4 -14 92 90 58 14 90 -7 16 -100 -92 -81 -74 -99 -45 38 75 35 81 85 31 78 -67 -62 -43 -4 61 -96 36 -26 -20 82 11 -79 71 -32 35 61 12 -50 61 20 -81 37 22 -25 -25 -4 60 -45 -70 -60 84 -37 -72 91 10 39 45 96 -88 75 77 23 96 48 42 30 -42 -47 30 69 73 0 5 -56 75 30 40 -16 36 21 -26 -31 34 2 -41 -57 -60 -96 -62 -98 79 -85 -24 75 13 -83 -46 21 -30 85 -11 93 -66 94 -63 -92 -26 27 -58 -91 -53 16 -72 82 68 -13 -76 -93 -59 -87 -91 -80 79 -65 45 -59 -48 99 62 -28 33 -50 -35 67 94 -48 25 -33 79 17 -74 77 83 -46 58 50 -8 32 57 33 45 17 3 -27 52 -53 14 -96 97 -25 -74 29 25 -59 -54 -31 -7 21 36 -78 -62 13 99 71 17 56 21 -92 -63 -23 -8 33 44 95 -95 -4 -58 20 -50 -62 45 -24 17 -30 18 13 39 61 85 -76 83 73 -13 81 43 -96 -14 -37 63 24 -9 -46 -44 -66 -51 -89 30 -59 31 30 -71 -74 57 -4 -4 -76 60 85 85 44 59 18 -34 -54 -2 -92 -100 35 -78 63 -42 13 68 -36 47 67 -25 -73 58 57 57 87 33 13 -68 79 -13 92 63 -28 -15 -29 90
8521 637
-4737 14
-3390 335
-619 538
-7995 78
-3263 71
-2523 457
1956 574
3737 306
816 638
-7626 625
9940 0
-6170 565
4927 321
2725 173
-2114 584
-1251 42
-7013 153
8105 273
-9120 538
1094 151
-614 667
4400 88
-5724 454
2043 74
-1393 333
7812 361
4998 216
9940 294
-6304 289
-4898 203
-2370 505
-1548 562
6652 488
4147 577
4107 345
2591 90
-2468 564
2275 4
8848 504
4341 633
-3825 641
-6558 329
7515 510
4817 554
9767 318
-9766 59
-8789 95
-824 4
-7317 616
9116 131
2284 538
-5997 497
-3863 264
9065 643
-5684 443
9881 60
-723 20
5385 396
425 172
5444 490
3841 163
-4972 473
1805 330
6636 68
-8753 218
8719 499
4898 285
7067 381
-7280 19
-260 410
6977 687
-8753 68
-9616 19
-5793 534
554 643
-1559 546
-7231 27
-3112 291
5115 656
6503 600
-7005 422
3613 153
4 5 4
9 9 9 5 5
10 4
2 1
-10 1
7 3
3 985 8698
-5 -49 64 -86 98 -56 -75 27 -82 52 20 66 60 -93 42 -95 92 96 -85 82 -49 34 14 -8 68 17 31 70 -98 50 -11 -53 -100 -98 -39 98 97 -63 -25 -86 89 45 30 48 52 -28 53 -7 -33 69 -76 -32 -48 38 60 -81 -96 -59 39 57 91 -72 -97 41 81 -85 -12 78 -48 13 42 91 -43 -28 -12 60 -6 91 -48 61 9 -73 79 61 65 -11 31 20 30 -31 -24 -30 -53 -20 -90 -72 -55 -2 56 -53 62 -3 -63 69 19 -25 28 -88 -35 31 23 75 58 2 35 -28 91 -85 92 -30 -15 -32 40 -18 -2 0 10 43 48 -85 40 9 -37 77 -22 82 -99 56 45 -34 -14 -83 91 94 19 26 -34 -41 -9 -43 29 76 -25 -82 -42 73 18 18 -35 -34 -16 -96 75 47 31 -98 -22 32 59 -78 49 -56 91 39 -62 9 -86 -46 19 6 -39 98 -19 37 -84 -11 -41 34 58 -25 50 -59 -71 25 88 11 -23 -35 93 -65 -62 41 -70 -72 -20 -82 -13 -6 -28 -95 100 -17 54 -69 -81 70 -30 -71 -47 -73 -46 -97 -32 -17 -22 -95 94 55 -29 87 41 -41 -23 71 -63 57 89 24 -99 -90 -20 51 -7 -67 32 13 53 -98 -8 -95 80 46 59 -52 -72 87 -47 73 -8 -26 9 -68 -17 86 -98 20 -7 41 -56 -56 51 -26 95 -57 7 -23 6 -91 -71 98 -86 -92 -7 24 -94 -28 10 -90 -56 52 -66 3 84 18 -62 86 -63 -19 -24 -69 25 -74 5 -30 -30 62 47 26 71 76 -26 36 84 67 -91 91 -62 -31 51 -68 -79 85 -15 -96 2 24 41 40 -96 -84 21 30 -57 -74 50 -37 38 -4 89 9 -29 -88 95 -96 80 -97 45 68 -28 -5 -100 -7 -20 -65 -2 32 59 89 -79 14 -96 43 94 98 19 43 -90 -44 -62 50 15 -41 62 9 -87 41 -38 59 -41 35 -97 -91 78 -67 -56 -25 66 54 -87 87 -33 69 29 -90 66 98 53 27 -46 41 -24 19 100 -63 79 63 29 -60 21 88 75 25 97 53 8 91 78 -27 44 42 -40 61 10 39 71 -75 37 23 52 91 -37 -73 -41 -88 -85 -63 76 -6 -22 -54 -69 -98 21 78 55 -71 68 -17 2 12 -76 12 -28 -16 -49 -57 9 88 16 -39 28 30 -62 87 -8 -47 -76 -83 -3 -48 -36 28 -46 35 5 60 64 -77 93 -84 35 -84 -22 57 -50 29 50 59 -34 -84 -81 44 46 -92 -19 -63 -39 -45 -45 9 7 -31 -64 61 -97 42 20 18 65 12 34 -51 -22 -89 56 -22 -9 -44 -63 7 -28 -94 -49 -83 -86 32 -96 -74 87 -41 35 -7 -22 71 -97 -18 -38 -26 50 77 36 -17 76 65 -56 -18 -58 -15 38 -71 93 -91 -64 94 -74 -100 25 81 -74 -39 -60 11 54 -32 -68 7 50 -56 81 -1 72 -33 32 47 -69 27 -72 -77 62 66 -47 54 25 -11 47 1 -61 -79 -18 -34 -18 -28 27 86 40 59 -7 -60 -97 -77 -11 75 -10 -79 -29 21 -2 -50 45 -41 66 48 64 -9 -64 -40 92 -25 -18 -77 -9 14 -5 69 0 -65 27 43 -75 -20 66 14 -96 -94 35 -74 -23 83 -24 72 93 -59 19 56 -18 5 66 -76 31 98 -53 -79 12 -7 40 62 -22 -33 4 3 -3 -81 -84 2 -75 2 28 3 -16 -97 -26 -74 95 44 32 -73 -52 -2 -99 79 -5 99 51 57 -9 -10 -32 19 57 22 -79 -96 42 89 6 17 -10 84 70 24 37 -56 51 -19 88 -18 8 86 30 -41 65 76 -42 15 -18 -1 -96 51 -82 12 -28 -61 -34 64 -73 72 -19 -33 55 -50 42 -59 -56 -58 22 82 -26 -70 68 -96 -61 -18 80 -3 97 -39 97 51 62 -86 -88 -66 -97 -22 98 82 100 -72 99 4 -71 40 45 -77 82 -33 -95 -44 -53 23 -90 -14 55 90 34 51 -100 30 -49 63 -6 -86 47 -3 -58 44 -72 -58 23 -73 46 52 17 -59 75 -1 8 30 5 5 -98 15 91 57 -46 24 -43 -46 -97 9 67 -3 -27 13 45 15 -93 23 57 30 50 -47 -19 -33 -6 -95 16 52 36 71 -44 38 -15 97 -5 -11 -29 2 -7 -76 -90 -40 -28 -17 23 67 49 30 -11 -45 -91 90 8 -60 -44 52 -54 22 3 32 -8 9 -81 27 -44 -36 -85 27 67 8 1 27 18 73 61 -59 39 9 21 -72 64 31 68 -28 71 -77 74 67 -5 -73 -2 37 36 18 -37 92 82 -22 -32 -2 36 20 -75 -96 -8 86 -55 82 -6 16 60 -43 -54 27 -21 68 0 -47 34 95 -20 -68 31 66 0 94 8 -19 -79 26 30 7 -55 55 11 -12 40 6 -31 -67 -78 -72 -60 -82 55 -30 86 -46 -27 -30 99 3 2 29 -32 -99 -28 26 -68 -57 -98 62 0 -53 -34 62 -15 -95 -33 54 89 -61 32 80 -92 -14 -51 44 -10 22 -87 -12 -76 15 67
-3880 161
-3805 334
2007 328
14 24 3197
-24 -67 -38 -78 52 30 11 -73 -81 -49 -81 36 -17 -64 -59 -42 77 92 -76 70 58 63 30 39
-4251 14
5808 23
-6080 15
-1881 19
-478 15
-9077 5
-3110 16
-686 16
4053 14
71 19
677 0
-5375 12
-5718 20
3706 9
81 407 6509
-21 16 -69 -2 78 39 -27 78 86 -94 -35 -81 -44 -47 -38 -54 -44 -10 -72 -14 64 -58 -100 -55 30 -18 -35 90 -32 -32 -42 47 35 -61 -55 12 29 -32 -61 -36 -25 -46 -16 -19 7 -4 27 14 36 5 100 -1 -3 50 -6 -74 83 59 -85 -50 77 -77 97 11 -87 92 73 42 -40 -88 56 -15 -84 -61 16 -26 -15 -58 88 -80 -3 37 -31 94 -14 63 -81 -32 21 85 -32 -2 -93 -35 59 -80 -44 32 12 -34 -6 -32 1 10 -43 -84 84 43 -92 21 13 -45 -43 83 -52 -6 45 -33 12 -84 -49 81 14 -91 96 -28 80 -49 54 -8 -32 -53 10 19 8 67 -14 -59 -41 -56 63 73 0 70 5 48 -37 -51 66 76 -85 67 56 29 76 1 52 6 2 -45 98 70 -47 7 -61 61 -77 25 52 -67 69 14 56 -82 -66 -40 67 -3 -41 -18 -78 -25 -52 28 54 75 -72 -45 -20 31 11 -73 -50 64 -16 -11 -26 -43 64 -75 -10 -17 -10 -55 1 24 -45 -83 71 15 -1 94 40 -2 21 -7 -28 50 -1 2 -20 60 -21 30 -27 63 -81 47 -81 33 22 -40 -85 -89 5 17 -15 11 -16 -44 76 84 -51 15 -19 70 58 3 -31 -44 55 49 66 -67 -21 -62 46 -52 85 15 31 7 75 47 -32 -70 -87 54 -9 -3 60 -34 -70 -92 81 -39 28 -12 14 98 -5 -82 46 -40 -99 75 -1 47 73 -67 -88 4 40 87 -100 59 67 64 12 -43 -90 -79 23 -59 -71 -47 -48 57 -8 67 4 87 85 -100 97 87 25 -5 -17 -2 29 -5 52 -82 -68 2 77 49 -85 -62 -94 -75 -41 -21 -84 -62 -17 -31 46 75 86 -51 11 20 -51 7 -44 75 53 -10 -78 -19 85 24 -51 67 76 77 16 91 65 -28 -85 75 1 -68 -88 34 -49 58 8 87 58 69 6 57 -24 63 31 79 -98 3 -91 37 77 -42 4 52 85 70 42 50 92 8 24 -58 -10 36 77 41 -56 -66 27 -99 -97 83 58
2398 267
227 322
-8721 136
1104 104
9923 288
5226 38
-2734 21
9458 18
6597 91
3780 165
-9490 69
2295 159
-9902 278
6545 238
1365 337
106 45
9447 297
4441 343
-6517 154
8727 301
8882 79
9160 96
-6352 189
-3003 246
-9109 85
130 337
-8046 195
-8639 147
-7760 175
-5580 231
3299 146
-8913 385
-3980 155
-9088 388
-5208 281
6630 264
7312 379
7263 380
-8154 231
-1354 360
2478 388
-2141 227
-1359 54
-2353 406
4567 273
-1793 253
4034 19
-5669 374
-5178 310
3277 403
-1398 150
-9270 57
3136 213
4315 202
-306 7
-4840 110
-4544 364
-9676 83
-320 224
-1301 159
-6242 232
2112 21
-3799 401
-4714 181
-873 263
-1921 163
2190 193
1084 292
4244 171
-2251 363
-1642 406
-170 85
-351 160
5352 294
-8154 170
-6425 231
-9043 215
4559 2
-6709 160
-657 188
8409 280
61 113 7177
58 -95 26 74 -15 34 12 74 27 -11 -98 22 -94 39 94 55 -90 88 13 -34 94 36 34 -45 92 66 19 68 -18 59 -97 90 14 30 63 99 -37 -76 22 40 13 25 -88 -30 -37 -95 -76 -77 43 -12 -10 -14 -77 74 42 -86 39 -90 32 72 19 36 61 -67 -35 -26 82 -22 -2 4 68 62 79 80 -69 -59 35 -45 -35 -23 -7 5 64 17 -22 -45 -19 67 -35 -87 38 85 -1 -1 68 64 23 49 92 -80 -98 59 32 81 -11 13 -78 -77 69 -63 -49 -39 42
-709 59
3943 6
-4444 47
5507 38
6832 1
-6761 28
-7225 71
7643 23
-8131 80
6346 60
8382 50
-361 97
3680 33
9161 11
-459 48
8228 74
-8876 71
-97 5
6051 90
-8714 105
9076 110
5719 34
-6098 19
7677 0
6033 3
2830 55
8811 95
-2955 60
2550 104
1589 56
322 90
-5358 25
-573 81
-4432 45
-6325 66
-478 30
-7458 42
2042 108
-3957 1
9658 33
-2538 57
-6070 57
8676 6
-7518 39
-5378 51
3316 20
1328 97
7553 76
6224 69
-48 3
7416 30
90 62
-1565 90
3844 14
9293 54
-9727 87
-4013 14
6747 21
-3660 11
9609 107
-9260 35
33 126 5463
-31 0 -67 -88 -84 -96 -43 -49 -21 58 35 93 -42 31 50 -40 65 -2 100 89 65 9 -97 91 52 -13 51 43 45 -55 64 -86 -4 47 -74 12 51 -17 13 80 91 -53 22 100 78 -29 -91 -8 19 -91 -70 -16 -32 -67 -76 -81 20 25 62 -85 70 -25 -71 -35 72 -95 27 23 -61 90 2 80 -64 -76 79 64 -55 89 -95 15 98 86 49 -35 70 73 -66 -61 -3 46 -46 -84 71 -67 -68 42 90 59 -36 -72 49 17 -93 35 -9 37 -51 -14 25 -96 -100 -28 91 -1 -13 60 -29 -29 99 18 -84 -97 35 87 -64 17
-7715 52
-5020 38
7889 24
-9268 21
-899 124
6262 63
9510 44
1681 87
-8686 25
8918 100
-4967 7
-1012 35
4924 65
-5387 108
4214 51
-8854 99
-5266 23
-6202 24
1799 51
5988 74
2542 25
7832 43
-9276 120
5793 4
6421 2
9590 42
6935 96
2545 1
8792 47
5839 7
-5782 93
6946 72
554 114
75 973 2218
-8 -55 25 86 75 15 -74 -19 87 -64 -22 63 53 -84 -82 -91 60 87 -95 1 -14 25 81 92 -55 82 -88 -49 85 50 60 -73 45 -16 -88 -30 49 89 51 -15 76 79 -53 28 95 -84 37 54 -98 -8 -96 -62 -84 35 81 -88 16 93 -87 1 -8 73 -22 -63 -44 -10 7 -96 -72 -93 -11 -97 86 37 31 30 53 -32 -17 5 60 -63 -7 27 72 -77 39 -62 -84 52 -11 8 -25 67 -5 31 -94 52 36 -66 9 75 -62 -6 -39 69 74 64 87 -94 -32 -3 -57 12 74 66 35 -38 54 1 64 -58 60 -62 59 -46 70 65 -94 -45 49 15 -71 87 60 -9 6 -17 -46 -58 -10 -27 39 33 35 12 -52 -31 24 -99 21 -12 94 -20 26 52 34 -55 -34 -10 0 -85 56 30 52 -35 -80 -43 48 -76 0 -63 -3 89 21 -69 -49 69 -49 75 21 72 -38 14 -99 39 -84 -15 84 -18 76 -16 -3 -19 64 100 46 34 -44 -7 58 6 -19 -95 -55 52 87 -4 -30 88 -80 91 9 -67 5 10 72 21 96 5 53 21 39 -50 -99 2 100 47 86 -45 90 44 12 -80 -1 57 72 -15 -98 -58 -77 -78 -68 32 -45 -13 -58 77 -93 88 -68 11 8 71 11 -41 -27 10 56 -42 65 45 52 -74 16 -100 33 -13 -64 35 -21 -41 8 -38 91 13 49 83 -10 7 20 22 -83 78 -58 28 -64 -35 -63 92 -26 52 -13 -75 29 -98 77 -39 -61 -88 97 -31 -29 4 31 -89 -84 -21 45 -44 36 -36 28 53 -58 71 -70 -72 -65 -83 -80 9 70 -43 -15 -2 -91 -39 9 99 -77 5 -33 -6 59 98 -45 76 -73 100 82 63 -86 10 -34 -94 -70 -54 -66 -35 -36 -96 25 84 -39 60 -69 -30 71 40 -31 94 -55 36 -63 -97 -16 -8 29 -39 -58 11 74 -44 71 -61 -88 -100 -64 -54 -85 0 -49 -10 -67 -38 -51 -36 33 -81 -97 52 63 99 -63 100 53 21 -8 -69 82 -16 -8 56 40 -38 45 52 -88 31 48 79 81 99 -32 -87 -89 -32 -23 44 -63 -69 -55 -100 -71 -18 100 32 -97 -59 64 35 25 -45 -60 -86 -32 36 16 -20 -34 -36 -92 98 -88 -23 -90 -77 45 -62 17 32 -31 62 32 -52 -56 -18 81 98 23 -6 -18 99 -1 -27 -88 67 -92 -21 98 -76 43 -95 -79 5 -18 83 29 77 -80 96 -41 -61 58 91 -13 52 -78 -83 49 -4 -39 -70 -6 61 3 -44 27 -39 35 -26 -64 -73 -20 -43 33 12 -61 -89 -61 -91 -94 -2 -52 14 -62 -14 -35 -39 -47 -87 57 15 95 -100 -25 -53 -94 52 -41 -8 -74 -5 19 -44 2 -99 68 42 -88 -94 1 70 4 50 -17 -7 -65 49 54 -12 12 -40 53 -44 -90 -73 -46 -84 30 -37 8 56 58 78 -89 -41 79 29 51 92 36 -98 11 90 52 94 -18 37 -8 86 75 55 -55 28 61 -95 55 -86 73 -66 -73 -20 90 85 -93 51 95 87 -20 -5 28 66 -3 89 55 99 82 88 35 -76 73 10 79 69 -63 -11 74 42 4 46 77 -19 77 16 -34 84 -83 -90 20 -53 -45 98 63 3 86 -33 1 18 -46 87 42 78 -54 -30 46 -17 59 19 75 -88 -85 1 -6 42 68 10 -25 85 -30 96 82 -25 43 44 78 -21 -90 -71 97 -35 -85 -12 -58 -39 8 38 -6 -84 -94 -82 80 -79 20 -27 63 -13 33 -62 -79 53 84 53 -73 -24 -4 -95 55 6 -66 1 21 100 89 13 -40 -54 -50 4 -37 -93 22 -58 -72 -59 -35 42 -22 48 30 -51 0 -37 -99 27 39 -53 -18 -6 54 -34 45 -76 -35 -16 38 25 30 38 -72 43 45 1 85 24 -8 100 -85 21 47 45 70 -54 58 22 24 -4 69 -95 40 -28 -28 -15 -53 -13 69 35 -88 -2 -28 91 -59 68 -59 76 -59 34 76 -44 -46 22 51 74 19 8 -5 93 54 -86 98 -6 -64 -81 29 -17 -43 -3 -83 -81 45 -60 60 36 58 -99 -38 99 35 -63 -96 39 9 5 12 78 63 58 70 16 72 18 60 -93 -13 -12 -9 44 35 -42 63 -70 -2 23 66 -45 24 -73 -97 -92 -86 -93 47 -26 12 -92 -49 -76 66 -79 41 37 -11 -50 -5 76 39 36 20 -77 94 -68 -47 -58 55 70 -53 -72 47 -49 -64 12 -92 33 86 -29 42 87 -5 7 58 86 95 -54 -64 -11 -78 25 75 -8 48 68 -26 52 60 -71 -29 -93 -93 68 -42 95 -21 -84 27 -86 -13 -82 -99 83 -24 59 18 -30 56 54 9 28 -22 -17 70 77 -100 -57 28 61 -78 49 68 -70 -34 76 75 46 92 1 10 -21 -30 -39 -89 46 71 29 66 26 -67 -26 -97 11 7 73 -63 7 -85 65 -83 -62 -37 85 -82 30 10 93 -75 2 -57 -15 31 13 47 -8 -92
-6831 677
-8605 792
-2332 450
-555 481
-1477 7
458 819
-2499 927
9746 771
-6727 122
9339 548
2420 755
2216 270
1741 167
-2251 609
-2063 645
2959 900
-8334 909
-5564 475
6745 632
7125 343
8497 415
9989 386
4441 958
-547 733
-7883 116
2599 429
-9527 754
-5310 107
3693 785
9348 202
-4981 442
-9824 489
7823 856
9740 447
-345 302
9834 508
1889 661
-8410 440
-6723 434
1484 107
-6446 517
-6349 130
2618 917
9962 574
-1778 308
9103 542
-7223 587
-6354 810
1333 376
5166 667
-2309 429
2860 103
-7737 779
7071 117
-4508 425
8376 144
-9922 114
6795 922
7810 193
-3552 143
-6494 9
-7008 606
2270 424
604 748
3744 82
-5410 187
-1789 0
-1544 955
5620 188
9735 373
7803 650
3878 263
-2423 473
4298 823
1149 91
58 648 5794
-56 -27 -93 -47 31 -90 -96 67 14 -20 -67 76 -72 -33 -40 -20 -50 16 36 -83 -81 92 -22 -91 87 -47 -12 85 39 -88 49 33 -15 6 86 66 17 91 -17 -70 -80 -34 -95 -52 34 -84 28 84 -18 -87 51 2 -96 -71 11 41 -18 50 -24 71 62 -76 3 98 -20 -11 13 97 -71 96 77 100 -38 33 -53 46 -1 25 -21 81 -12 -70 -18 -7 -41 44 84 41 -7 -41 -38 -96 -67 65 -99 14 -97 15 -40 83 -40 -63 82 -28 20 79 -83 -82 -47 -3 99 42 27 -69 85 86 75 68 -24 -33 -73 -12 -29 -40 -47 -77 24 -94 -12 85 90 48 72 21 71 -9 0 88 9 3 -16 -43 -56 61 -12 -72 -4 -38 47 73 -21 74 -90 1 84 -37 -26 8 -80 62 -8 60 -41 -37 -20 -71 4 30 -83 63 -67 -49 -81 -73 63 -42 -94 -42 -30 53 81 0 26 92 -100 -41 -96 -26 67 -76 -65 -92 84 -56 -79 -86 -26 -25 -6 -59 -63 -23 -58 -93 5 -96 -85 11 -87 -15 -87 94 85 -11 85 35 48 90 -92 -35 64 94 -77 48 -62 96 12 -38 -30 -95 -47 -42 -67 -55 -35 38 -100 -20 99 -87 15 -89 -94 0 0 92 -66 98 31 94 -38 -6 87 -64 92 75 -69 3 87 1 -41 -61 59 -8 -65 74 80 -65 -47 28 -52 69 39 -96 -82 89 46 -98 86 -24 96 99 71 83 85 62 7 -85 -85 -6 -34 -76 -17 76 -34 -32 49 96 3 53 23 1 -29 -89 6 -61 50 -49 -59 -15 -22 -63 -17 -52 70 -83 60 -74 -68 25 -30 -1 -1 54 -76 65 -79 23 10 -25 -75 -68 26 -4 94 -69 -15 43 -67 27 -72 11 14 -39 9 -67 -21 -82 -91 11 -6 -20 60 93 -67 34 8 -96 -43 -83 -71 -18 -100 56 29 94 37 -87 37 70 -10 15 -70 54 76 -11 37 -46 -42 47 16 52 -74 -75 -6 -91 60 -99 -87 67 70 94 -52 20 49 77 13 -15 41 100 -95 -70 14 -65 35 -60 25 -29 -6 83 -83 60 -16 -57 86 78 -98 -5 30 67 -39 -51 60 -41 69 8 87 -69 43 27 -69 48 7 -5 34 -59 35 -92 -37 80 91 -20 39 -76 -26 -26 52 -24 19 -19 -58 30 30 -99 90 -52 -41 76 -20 -98 -48 -39 0 9 56 -67 1 -59 -59 64 -80 82 94 9 -95 -33 34 58 -6 -98 89 -14 33 -31 -62 -28 17 -3 -53 47 -51 -51 -93 0 58 64 33 -42 55 75 72 75 6 66 -67 -38 83 67 70 -24 70 58 63 -48 -74 -100 24 -6 -53 21 -60 -53 70 99 47 -23 12 -21 -14 -34 -97 -43 -60 10 -78 -77 22 -95 91 -9 -69 10 -52 94 12 -75 44 -65 -31 92 56 -41 -62 -25 -43 85 52 69 -87 -63 -66 68 -55 -76 -23 -83 -52 99 73 89 -61 -96 -52 -13 48 60 -38 -8 95 31 -67 0 91 -79 75 98 56 -24 67 69 -36 -100 36 9 76 63 26 -77 11 -51 62 50 -47 -91 88 -100 69 -51 -58 13 31 -25 -88 -29 -54 87 -32 -99 -38 85 71 26 36 -44 85 11 -81 -39 -16 -20 10 -55 -70 63 -46 68 13 73 -84 6 -15 -3 81 -3 18 -73 -17 37
-2726 563
-6624 116
7047 209
3061 304
-1474 88
9196 279
200 388
227 402
3251 616
-274 349
5669 204
-8888 640
-7112 451
8875 550
9160 401
1419 122
-3283 542
2880 569
-6730 493
-2386 388
-2720 447
9601 633
-1991 216
-7986 214
-2765 156
-800 453
-8073 283
-3200 534
-3766 347
9271 366
-3614 82
1828 450
2926 94
-5693 129
8090 596
5433 537
-7549 537
291 615
2302 310
5442 307
5209 112
-3840 210
-7606 574
-4329 513
-3924 581
4022 391
-6928 71
6727 24
7999 580
9635 138
6675 23
-1102 308
3821 582
3308 50
8937 488
-621 94
-9169 486
5001 363
82 868 6956
-50 20 12 83 99 97 -40 -61 -21 -48 0 68 70 -66 68 37 68 61 57 -34 -74 -74 -69 26 -26 -71 -32 -87 -85 -77 -84 -35 43 28 99 41 -26 -92 30 3 -90 80 -29 80 -86 -62 -34 32 99 -77 48 76 100 79 1 -27 58 70 -64 73 43 -47 89 -15 81 87 76 -45 95 -45 58 -96 -65 79 34 -51 -83 50 31 66 73 -22 41 22 -44 -58 95 -86 62 -69 37 4 -66 25 39 -86 11 14 -81 -45 69 28 -91 -97 6 43 -98 -27 -7 33 -61 -85 -90 30 38 -83 72 -18 82 -17 -37 18 87 -3 -57 25 -38 54 89 -19 60 58 59 69 11 -85 12 14 -12 55 97 -23 70 -93 -93 -43 75 29 40 56 -88 -98 -27 49 0 16 -26 12 -80 -38 43 80 70 2 -2 -19 17 -91 95 55 14 91 -68 -66 48 90 -9 22 18 81 -73 30 84 -49 -21 -67 67 3 45 37 15 -13 -34 -15 39 65 66 -95 24 10 61 -62 -50 43 -28 99 32 13 -30 100 -6 -52 30 -23 -1 59 -40 -35 -89 55 53 26 92 69 61 31 33 26 36 -43 -65 -54 -55 -14 89 17 -66 -30 -71 -46 -30 -27 2 50 50 -100 -42 60 -84 -31 14 19 45 -44 -13 6 87 -80 82 -28 -73 68 -31 -78 -97 -93 -11 -63 -22 -32 -59 -2 42 44 -53 -59 -6 -45 -99 -40 -26 -35 79 -82 21 -34 -26 -43 -64 -44 30 -87 -77 49 -65 77 56 24 -87 -67 92 -96 31 33 -2 28 75 93 83 26 -48 -44 91 -69 -75 -38 -53 -1 19 -17 5 99 -4 -22 47 -19 -46 3 -96 -83 36 46 -78 -83 -71 -30 -5 54 -38 -22 -21 -35 -16 -81 -54 9 -19 -7 59 -100 26 -37 99 72 -8 46 -48 46 99 -94 14 -16 2 36 1 31 -95 47 -16 -82 -76 63 -67 8 83 -21 68 -87 22 26 -87 98 39 63 69 -70 -42 71 27 -44 27 -60 -10 -72 26 92 60 31 -12 -57 -1 12 57 32 70 -11 61 -13 2 -18 63 -34 -21 2 -72 98 -18 -64 18 -92 -58 95 -52 32 -77 24 -27 33 -95 61 26 4 -78 -18 87 93 21 47 -71 -77 -71 93 -61 -42 -6 -83 -94 26 -47 -26 35 -55 -31 33 77 -8 -43 -50 75 -38 61 0 16 84 33 2 26 -47 -51 55 -74 -72 47 -35 -64 91 -18 -58 17 -15 -33 -99 30 36 34 -43 78 41 -43 52 53 -83 -49 -31 -100 34 21 26 88 70 -69 64 48 28 80 35 19 -89 27 86 -3 94 87 77 29 20 -67 6 -89 -10 -93 64 -42 -91 -68 -42 43 54 35 -20 -27 16 -56 72 -57 74 6 62 85 83 47 -69 77 33 -92 -45 -97 92 62 -86 -68 19 78 -60 28 61 -2 -79 14 83 1 37 -2 -5 -42 42 -32 64 -47 -97 47 -100 -66 -27 -17 93 28 -64 35 -61 -50 17 59 79 57 -64 39 -96 -43 -98 88 9 39 -65 -97 48 27 -78 -39 81 -75 58 31 -41 -70 64 -98 59 -100 37 48 -50 -47 6 -72 -91 -7 17 -87 50 19 51 -42 -92 37 -88 56 -37 -66 -84 -57 -91 75 74 -32 55 -12 -30 -37 -12 57 -89 -12 -91 -33 -33 69 60 84 33 10 -47 -67 18 -39 70 30 67 -67 14 33 -24 23 7 -100 92 -88 -12 -89 -25 26 69 -14 -87 28 54 -20 -3 13 -36 -71 73 17 -38 -9 28 83 71 -6 -85 -15 -74 -59 -93 -16 92 99 -54 -71 61 21 55 -21 58 69 -94 -39 99 3 74 -38 -18 -3 29 -5 38 -94 -23 8 0 -58 93 -23 -17 51 11 -75 -1 57 -46 -41 -23 -91 38 85 28 -5 -55 26 48 70 39 -70 -34 -83 -25 54 -76 2 -39 -26 -6 -96 51 77 55 -89 52 -47 68 -94 -37 96 66 -100 80 -7 -5 -75 -82 -57 95 7 -77 -90 25 -52 64 49 0 -76 -78 94 79 24 20 33 35 -28 37 -47 -22 100 -52 -57 50 -73 36 96 -98 4 89 47 62 -89 57 -14 -91 20 85 9 -5 -94 2 -77 -20 -79 57 66 -7 -57 -82 21 -58 -34 64 92 -57 -51 87 -54 4 75 93 -35 36 0 51 -5 -81 35 -97 -36 -9 -45 -12 22 -73 95 -13 -30 -63 5 92 -21 71 55 -80 64 55 58 -91 -42 32 53 23 -82 -48
-7739 560
3253 723
5817 599
8455 661
4532 391
1319 743
1720 730
-692 636
577 587
-1960 202
8451 815
-795 411
-2835 659
6913 201
-3474 448
295 259
-1103 370
-5790 607
-9263 16
-4805 547
-2794 639
-4868 709
-8132 462
2294 120
-4060 285
-3857 583
19 383
1663 775
-8270 553
-2740 48
-9384 123
-9236 701
-1456 850
-4611 590
1360 406
5712 402
818 687
-5066 675
9004 280
-1148 458
-4997 678
-666 361
7785 733
9648 801
7013 374
1491 111
-5539 285
4583 119
-5329 381
-272 698
4276 543
-4241 93
-3717 471
-4778 640
1642 691
3951 13
6511 836
9109 260
5443 208
7530 247
-4338 606
3804 643
2438 735
570 724
5800 168
-9420 600
3180 783
-7389 637
-9247 157
2191 266
-4373 204
6482 478
6868 219
-9848 2
8066 59
-5235 573
7865 172
-4988 686
8119 675
1131 283
-6678 224
1435 682
81 167 1976
80 -33 -29 -88 -93 -17 46 57 -38 -77 22 -44 82 -48 71 -23 77 -25 70 -84 93 25 -82 -40 69 -37 31 29 76 10 66 55 27 87 17 -15 -30 -38 92 32 -15 13 38 -84 16 -42 -6 -8 33 -87 8 -25 38 -23 35 -43 40 -85 86 15 -25 1 -31 -99 -13 86 -64 7 98 -73 89 -68 -9 26 100 -94 84 -7 -2 -34 -44 56 -9 45 83 76 -99 23 91 37 88 -35 -63 -93 -83 -26 43 -47 82 -9 -19 70 23 72 -54 22 78 80 65 -75 97 -79 31 -13 66 14 -37 17 87 -47 -47 74 -31 -10 31 -14 14 -26 -11 -5 65 70 -85 -63 -9 -39 10 -82 -60 -26 -57 87 -55 75 -26 61 -12 37 -23 -26 40 30 98 59 70 29 95 -16 53 -16 29 -33 -47 44 4 -5 55
2643 114
-5762 36
4833 150
-266 89
6736 106
-8453 154
-3866 52
-5350 106
220 97
2739 97
-6644 31
2198 61
5201 22
9352 98
9711 108
-2528 104
264 146
-8615 29
-3794 163
-4330 8
4388 92
548 121
6459 49
-1843 134
-8134 74
918 92
-6002 87
-3525 150
7332 110
6805 14
-6230 17
6836 21
9707 5
-3429 118
6783 1
6296 96
9458 115
5412 150
-4238 24
-3686 137
1907 8
2850 36
-5932 128
8825 32
-1128 95
-7839 37
-6375 77
7838 101
-5341 21
2964 163
-9631 5
-9948 28
6104 143
9463 110
-7246 34
3215 11
450 56
4286 132
2831 147
9638 3
2459 36
-4494 13
-1764 91
-6865 29
1472 160
-8222 127
-4641 31
5388 31
-8984 72
769 0
-1933 135
-4128 62
7490 138
6755 43
-9291 97
9464 100
-4369 159
2973 80
2033 54
484 21
5928 127
23 717 2531
41 -75 -63 -97 51 -85 -90 -52 93 -41 -14 6 -3 -51 -21 74 39 -51 -69 -42 -98 -7 21 -63 -70 90 69 -17 -19 72 43 73 97 30 26 48 45 37 46 37 96 -69 93 -58 -20 -28 -85 -82 21 98 -73 24 -10 -2 11 -30 -62 -21 4 19 -100 -54 -9 48 76 -83 -55 -29 54 91 58 -1 73 51 -9 -48 -78 -43 -79 -7 -46 99 67 -6 -4 -23 64 34 7 -33 -47 -43 -37 -6 -96 -61 -39 100 -40 65 91 -83 -87 63 68 5 65 40 62 36 -67 66 34 50 -41 -70 78 -78 64 -16 -60 67 -9 -47 -89 -4 -8 -78 -5 2 88 -65 20 51 48 -13 -45 -37 78 67 99 -90 32 33 10 91 13 -13 64 -24 21 54 94 -88 -94 -96 -42 -51 -74 3 51 64 39 -30 15 -64 8 20 -1 -15 -13 -2 -55 -82 81 55 60 -7 93 23 69 13 -74 12 25 -68 16 33 -69 -7 -64 83 -44 75 -98 21 -90 10 -59 -40 45 28 58 40 -4 38 -55 -45 -70 -63 28 49 0 54 -39 76 37 27 8 68 70 44 0 77 -32 3 -3 -21 -88 38 39 8 -85 -54 -53 12 84 -8 67 64 -21 -55 12 80 49 23 55 -15 -100 -88 -97 70 57 3 46 -76 -95 -57 -47 69 31 42 -74 47 88 -27 -42 21 16 75 -66 45 -81 -3 -26 19 -81 79 -97 -81 92 57 40 48 -40 -15 22 -85 -22 76 34 -91 -33 60 56 -95 84 64 -24 -1 38 11 94 8 -93 -32 -74 77 -54 80 47 -63 37 -14 35 47 71 -43 12 -51 83 -54 -92 100 -95 64 55 89 -23 -69 -63 65 -8 -69 -28 -51 -1 -52 -75 -5 79 22 33 -35 -93 -83 62 29 -76 -27 28 57 19 36 57 25 -51 -39 13 26 -8 51 -10 84 32 13 -68 -70 61 -92 25 -11 30 -93 54 -12 76 15 -84 100 39 44 7 -43 -71 -37 82 -22 24 -55 -97 67 46 -7 0 -73 -95 -17 -43 17 -9 32 56 71 -10 -40 -42 -85 25 -76 -86 -37 18 21 21 47 34 -48 -76 -92 -53 -73 25 43 -29 -76 70 -74 7 77 43 48 9 -51 -31 49 9 -23 64 -67 2 28 -3 -81 100 -83 67 33 -81 91 -9 -33 69 -85 -91 -61 -60 80 -35 -3 56 59 96 -86 -93 -36 13 16 -9 -74 49 93 55 96 63 54 63 29 -64 83 -31 -22 100 -63 -7 59 -74 -17 38 -8 31 -56 -100 26 -92 -93 40 -28 -27 -70 -2 72 74 -98 68 36 6 30 -86 -7 -38 -67 71 -39 -29 -87 -80 -53 -3 8 -11 -73 2 -11 3 -39 -54 93 33 -31 73 81 -59 -4 34 59 -69 90 -12 96 -68 1 -71 -98 62 -50 -84 82 -3 -37 -60 37 -60 42 -75 43 53 -78 -15 -65 -9 -93 -84 -18 4 0 -60 -15 -61 -21 -19 -28 80 -40 -26 41 10 -60 -27 57 3 -37 -7 -7 -96 -31 86 8 -9 -30 43 32 -22 9 -86 32 -92 -46 -84 99 -17 -53 -30 -38 7 -6 54 -84 35 -74 24 88 -11 -84 -19 -57 -15 -84 1 26 -13 -56 -92 15 53 -78 97 12 -74 -88 10 10 -40 30 22 67 -77 -25 34 8 -49 -43 -54 -10 -77 27 -16 -41 -7 85 35 80 -72 43 -56 32 65 -60 94 42 -97 3 -99 -37 -68 23 80 -95 99 -37 14 100 -30 60 -10 -56 -64 74 3 29 58 -63 -41 37 81 -47 -32 -5 -6 -39 87 -53 14 88 -40 -4 -39 90 1 -91 -47 65 -92 -27 24 -2 17 10 -79 70 -61 80 58 -52 16 -12 1
2245 276
-315 573
6191 160
-8200 342
3135 97
3708 210
-6799 682
4790 673
-572 659
6605 443
-9562 36
-7732 300
-3531 354
2194 377
-4609 66
-6503 512
-1814 532
-2650 221
6982 403
3494 458
3856 230
-6143 17
-6210 612
82 780 9568
83 70 21 54 92 95 35 6 52 -80 35 -68 70 42 91 -9 -70 -55 -78 90 28 -53 92 -8 59 -16 -9 23 32 14 -91 15 -67 30 -32 -76 24 53 -19 -75 74 66 -43 -7 8 -52 84 -12 -7 -95 -22 -80 -97 -31 12 62 3 54 -16 -65 -83 -7 50 -50 73 68 -26 -53 -29 5 -28 -56 -29 30 37 29 28 -29 -84 -80 -24 -56 92 -71 14 -47 91 -84 -94 -75 -99 -77 -32 1 -77 92 -31 -52 -62 40 53 10 34 74 90 -80 2 17 -9 19 -12 18 63 -71 47 -74 -18 -12 94 -61 -37 95 -88 -19 -4 -64 -28 15 -16 10 -96 87 71 -12 61 60 -42 -38 -23 0 31 15 -83 -56 44 14 -30 -75 52 -87 -86 65 -92 -73 -54 -46 -87 -32 19 -53 79 23 -67 49 -90 94 8 -32 -94 35 68 -13 -51 35 31 93 100 52 69 1 65 33 -34 23 60 -38 27 23 30 -55 70 -42 68 54 -94 28 -3 -35 47 -47 50 -36 41 100 50 -29 42 -1 73 -40 100 38 94 -85 -90 3 -23 38 77 -93 83 -4 -35 1 -51 -78 79 -3 -63 25 50 87 40 -10 36 -11 12 -72 38 -16 -12 37 72 -69 53 83 -15 80 20 -39 37 -48 7 53 53 57 75 -18 -47 62 57 53 48 -4 94 -16 35 5 12 -28 39 50 60 11 32 12 -57 -84 -59 63 -73 79 65 34 31 -32 -60 -45 50 -57 -84 6 97 64 53 90 98 -13 -56 -41 10 83 60 -31 -57 -9 31 -14 -43 72 99 -16 50 64 68 -20 -69 -92 -15 31 -49 1 -64 -53 -85 39 87 -88 -74 -70 -78 -14 64 82 55 -94 -28 -15 -7 29 -94 -9 63 57 -46 30 87 -65 38 -78 66 40 23 53 37 -12 -9 24 -49 -33 4 -27 53 -33 -46 -43 -76 -24 -8 -33 55 -1 58 17 -95 63 97 42 48 35 64 14 -76 -63 -84 61 25 -43 -16 76 25 39 -52 -73 56 -48 -65 80 28 27 -54 -68 76 55 49 31 -33 -4 -27 -86 -70 -64 -22 -46 -27 -6 65 99 52 -51 24 -74 38 73 -97 -7 -76 -62 -77 3 16 -81 35 -9 24 -66 -78 91 30 -55 -95 10 -69 -67 14 5 28 -22 -47 -71 -23 77 -95 -86 -1 -92 -42 -26 -53 -69 77 63 -100 -39 -97 25 -5 76 -35 75 -80 -80 -16 -48 -46 98 7 32 -74 10 61 3 -64 16 -32 36 24 -24 -91 71 7 36 -17 -43 47 -63 32 93 -88 98 67 84 -83 -49 -65 -79 99 -8 53 -76 -99 -37 -22 -63 79 46 73 3 72 32 -77 -22 -83 -43 -15 65 -6 -83 57 -44 -86 -27 -61 82 24 -26 -97 -27 66 56 -53 17 70 -25 55 48 -80 -23 -100 92 60 -76 -81 77 -69 5 -9 25 -28 -53 31 -14 -29 71 -83 95 95 -80 -83 11 27 -85 -73 -4 -10 82 -57 -39 -91 -56 -98 69 -82 -78 45 100 -23 -64 -26 -1 -67 -96 85 4 75 -99 -51 70 73 -84 -20 -1 -69 -43 95 22 90 88 33 99 82 35 67 50 7 -39 49 84 -53 -78 -18 -19 -73 -84 35 52 69 34 21 41 51 51 90 32 -92 34 -97 98 21 36 46 -47 -29 12 -98 78 23 52 12 71 24 44 -99 1 11 36 -47 -21 -30 74 70 71 -25 59 -48 -67 -8 -44 81 63 92 26 -85 -88 88 69 91 10 -30 -48 -20 94 96 -19 -5 -44 68 -2 35 88 -79 -46 8 -4 -88 60 -21 -46 -85 -41 68 58 35 33 20 22 1 -40 83 71 12 -38 15 -42 -6 60 14 -89 -43 100 99 -72 -47 6 25 -34 -85 -97 -30 -69 -87 -63 39 48 71 -92 -30 -79 -31 -48 43 81 -36 -43 89 8 67 3 19 74 2 17 -99 5 73 -24 21 89 -70 92 70 -57 79 -42 91 49 -34 -40 71 35 -38 13 -34 -23 20 -46 85 -64 7 -46
114 519
-1027 98
8322 91
6052 335
6064 182
-9407 100
2720 273
-9508 503
8875 102
-8265 642
7246 270
-784 338
5888 640
-9193 408
3072 603
1314 149
4652 353
5315 5
-6820 533
4453 524
-5067 200
2343 268
6826 763
2709 738
-2801 752
-2446 611
-1866 422
7200 451
-5107 697
1162 15
9466 507
-1408 607
-3517 156
4532 397
8993 45
6349 496
1472 510
-4702 591
-8474 372
1439 452
6172 242
-9390 331
-6795 324
5769 38
-6743 478
3505 506
6848 90
-5718 31
-276 37
-9566 680
1519 442
6363 201
-805 777
8729 539
-2890 434
-3113 585
6603 238
5029 432
6469 664
5347 547
-4832 396
-3831 440
8391 350
-934 348
2986 772
-5728 215
4 261
4936 479
-262 300
3640 499
1273 65
1291 630
5465 313
5124 737
-5443 497
5380 432
-3236 522
1741 343
5721 436
-9291 225
7750 684
6931 734
