100
2
20339
6839
83592
95595
10
50532
99750
93753
24306
12644
95213
69275
53549
95995
95523
85178
90516
38988
71306
55360
52231
95182
92734
46642
12156
93987
90315
93878
54946
512
4
3
96520
59253
512
20984
2
93361
76060
96926
37063
78360
4015
60281
1
47416
70462
99190
82320
94387
46691
24004
64234
25996
94954
46096
25391
41026
28738
71951
95315
94579
61886
79900
92345
17783
55941
22041
16
92296
27954
47344
42681
77183
15485
98843
23524
92488
43305
10294
45974
12407
34804
25317
87628
61220
20126
93126
93375
64299
61664
57790
75122
36739
22754
53357
5802
32
99600
