100
7 8
4620 541438030 64159 528722746 5 63258 1
1 1
6 6
0 6
2 4
0 6
0 1
0 1
5 6
9 4
99788 256865338 7 21270 4 704179328 45284 7 8
4 4
0 3
2 5
4 5
10 10
888763828 7381 118344760 9 566913733 76614 10 39017 10 4
0 4
3 5
5 9
8 9
3 3
2 9
2 9
1 7
3 9
5 8
10 10
3 716225844 896150637 3 34487 28931 10 8 84382 11197
7 7
4 9
3 5
2 4
7 8
0 5
0 5
4 7
6 7
4 7
1 6
175003289
0 0
0 0
0 0
0 0
0 0
0 0
3 2
1 2 3
0 1
1 2
9 9
4 10 7 53451 46128 227140480 40552 3 206556404
1 3
5 6
4 4
0 1
3 4
3 8
2 3
7 7
7 8
8 6
98664 2 93764 9 831814087 9 58987 2
0 5
1 6
0 7
0 0
0 2
6 7
9 5
327411811 83059 5 8 854090911 573033959 167321463 617065955 11979
0 6
0 1
2 8
4 8
6 8
9 7
6 92509 69522 2 672100312 5 4818 1 75355
4 6
5 7
2 4
7 7
1 7
4 4
4 8
10 10
49717 38478 2 9744 66355 10 86032 7 10733 79138
1 7
0 3
0 3
4 5
5 8
4 9
6 8
0 2
1 4
3 5
10 10
36448 8 3433 84400 108171261 47976 9 2 8 4
2 4
0 5
7 8
1 7
7 9
0 8
1 5
0 1
3 6
3 5
6 4
10 560603335 3 46833 10 17344
3 3
1 2
3 5
4 5
2 10
1 9
0 1
1 1
0 1
0 1
0 1
0 1
1 1
0 1
0 1
1 1
2 3
38451 9215
0 1
0 1
1 1
8 7
130619232 40958 9 33444 67017 3 7 3
1 5
0 4
0 3
4 5
1 7
3 7
0 3
1 1
4
0 0
3 3
1000000000 32767 1
0 1
1 2
2 2
8 7
51039238 7 10 1 9715 53215598 3 11561
0 5
1 2
0 6
3 5
1 4
1 5
1 5
2 1
85615 3
0 0
9 5
32181 892269552 747473037 18896 9 6 543094837 222449102 4631
6 8
2 6
2 2
0 6
5 6
4 1
7 89094 5 1
1 3
5 7
5 5 236276901 22568 631621587
2 4
0 3
3 4
0 1
0 1
3 4
1 2
6 8
48271 41805 91467 966954501 2 4
0 3
2 3
0 3
2 5
3 3
0 3
4 5
4 5
10 6
66809 9287 201255354 86720 51310 48900 25961 622716026 3 61511
4 6
6 6
0 1
4 9
0 8
5 8
6 5
38544 774790567 50511 37715 886559119 476242445
0 3
0 0
4 5
2 4
1 3
4 9
13779258 54666 8 802739984
1 3
0 2
0 2
0 3
1 1
3 3
2 2
0 0
2 3
5 6
87710 465531214 5 631283086 1
3 4
2 4
3 4
0 2
0 0
1 2
10 10
8 4 9 3 1 48981 26179 8 8631 10
2 3
8 9
4 5
2 8
1 6
0 5
4 7
8 8
2 7
3 8
10 10
52461 1 20131 6 17951 428733739 4 361110405 1 8
3 5
8 9
6 9
7 8
6 6
4 6
7 8
3 5
6 6
2 8
6 6
46667 50664 245648200 10 574847498 769104885
0 4
0 2
2 5
3 5
1 2
0 3
10 10
125688953 10 9 166310861 65291 90629 929043209 8 30447 58865
0 4
0 2
0 6
7 9
4 9
1 9
3 8
0 8
3 3
0 3
9 5
7 2 5 80400 26046 57182 53803 9 5
8 8
1 4
5 8
2 3
4 5
4 4
1615 5 401423423 8
0 0
1 2
0 1
1 3
6 6
3 370150993 43103 702632034 77789 44036
4 5
1 5
0 3
1 4
2 4
0 3
10 10
27794 154035162 980533376 80177 624038003 92933 760231483 3 500547236 90059
2 2
8 9
4 4
0 1
0 6
1 6
2 8
6 7
0 6
2 9
10 10
40462 46225 547825838 1 5703 12774 133347535 322627616 53164 1
1 5
0 2
1 9
6 9
7 7
2 4
5 7
5 5
1 9
2 5
10 10
3 12371 10 63385 5 8938 8 3 852123906 1
1 3
7 8
0 9
5 6
7 8
2 6
0 2
4 4
0 4
2 8
3 4
70800 23546 49139
2 2
2 2
1 1
1 1
5 1
5 313428158 1 104204141 10
2 3
10 10
60896 939706363 150068133 9 18466 7 55125 517284293 2 39548
4 9
2 3
3 4
0 7
3 5
0 0
3 5
1 6
1 9
0 2
9 7
10573 634192406 677357967 35460 408817146 259779366 7 93839 12391
0 5
5 6
5 7
2 6
6 7
4 4
6 8
9 9
887493049 8 245260461 94702 97844 7 21283 200617770 5
0 8
0 1
0 3
0 3
3 8
6 8
7 7
3 7
3 4
4 5
473885550 859643843 2 7
0 3
0 1
0 1
1 3
0 1
7 8
115916504 69269 54269 980600940 10 22918 106874531
0 3
6 6
3 6
2 5
2 5
3 5
1 4
3 6
1 5
7107
0 0
0 0
0 0
0 0
0 0
4 5
837342891 16647233 85170399 843626017
0 2
0 1
0 3
2 3
1 2
7 8
612754641 7 90781 7 981056026 857606498 58325
6 6
6 6
0 5
3 4
0 2
0 3
0 0
2 2
10 10
28428 7 57457 4 18587 6 20546 21533 199537918 4
2 2
7 8
3 5
1 9
5 7
4 5
0 8
2 2
6 9
0 7
1 1
1000000000
0 0
9 5
800565185 987 9 8 696840734 7 10 6 6
8 8
3 5
8 8
1 3
3 7
10 10
50920 3353 1867 758092854 927424538 41679 730048241 17688 775 720520440
3 3
2 3
2 8
4 5
1 5
3 8
5 5
1 2
0 5
3 9
8 2
540105498 97503990 687270680 25767 9188 10 69553 15786
2 7
0 6
10 10
702650091 532352872 10 18078 379592397 21240 48692 59487 7 228835912
2 2
2 6
0 4
2 9
4 7
1 4
5 6
1 4
3 5
2 7
10 2
318899056 42145 257467041 38397 3 6 4 17752 769264006 6
4 7
1 2
3 3
354353425 453523523 543557893
0 1
1 2
0 2
8 8
7 31437 2 4 3483 3 4714 431499033
3 5
3 5
0 2
1 3
0 2
4 5
6 6
0 6
10 10
34361 954619482 93505 47754 78223 4298 7 8 89107 36207
0 6
2 4
0 2
5 6
3 8
6 7
4 4
0 5
4 7
2 8
10 5
7496 69536 405732408 95260 10 26592 707421637 56021 447218233 353814571
5 6
2 4
2 6
1 6
1 1
10 10
8 948516696 66222 3 3 10 95979947 6 629363117 9
5 7
6 6
4 8
3 9
2 7
3 4
3 6
0 4
6 6
4 7
2 7
4 10
0 0
0 1
0 1
1 1
0 0
0 0
0 1
2 4
16808 884940365
0 0
0 0
0 0
0 1
1 5
6
0 0
0 0
0 0
0 0
0 0
10 6
1 631280371 2 59766445 29817185 631410106 35550 2 3 1
3 7
5 7
2 7
7 9
1 2
3 3
7 7
10 21943081 4 5 3041 27333 8
0 2
1 4
4 4
0 2
0 2
2 4
2 3
4 1
10 835618613 338657510 808771160
1 2
9 4
80974 94744 789366136 715952579 9 3 7 914237143 97306448
5 7
4 7
2 8
6 8
4 9
107142039 2 4 4
0 1
2 3
0 3
2 3
0 3
0 3
1 2
0 1
2 3
2 2
1 4
0 0
0 1
3 5
757896195 21446 853023736
0 1
1 2
0 2
2 2
0 1
10 10
86223840 343249518 3 775449579 360793454 9 67272 23876 47386 9
0 6
0 8
2 9
1 4
2 2
4 8
0 1
2 6
3 4
4 4
4 10
8 5 72152 9
1 2
0 2
2 3
0 1
3 3
2 3
3 3
2 3
3 3
2 3
2 2
78019241 9664
0 1
0 0
4 8
10 3 167071446 69316
0 1
0 0
1 3
1 3
0 2
0 1
0 0
1 3
9 9
26593397 46519 4 3 676 3 678691892 223587799 8
3 3
3 6
7 7
0 1
3 6
2 5
1 6
2 6
1 7
9 10
5 449422786 64359 664794569 81333 20516 943921474 7 155480727
0 4
2 3
3 6
1 5
0 6
0 7
0 3
7 8
3 8
0 1
7 6
7 8 2 284900669 27543 221512679 641955382
4 5
1 6
1 5
3 4
4 6
3 4
4 5
10 25786 4 72372
3 3
0 3
1 2
1 3
1 3
6 6
10 23134 690568239 16042 104746719 198653041
0 4
1 5
1 2
3 4
1 2
0 4
9 10
7 22782422 96070 9 622090450 941020705 58188589 179288067 5
7 8
1 3
1 1
4 6
3 3
3 3
6 6
1 5
0 3
1 7
10 10
45820 1 1 4 46891 7 33292 1 270991983 81799
1 9
1 1
4 6
0 6
3 8
2 6
4 5
6 8
1 3
2 9
8 9
80257 541001547 711207131 581165917 643225867 49135 2 191394562
3 4
4 5
1 3
0 4
6 6
0 3
5 7
1 3
3 6
3 3
474629480 861584765 835621527
0 2
1 2
0 1
2 9
992012043 539228409
0 0
0 1
0 0
0 0
0 1
1 1
1 1
0 1
1 1
2 4
143159967 349406617
0 0
1 1
0 1
0 0
9 1
98058 863311089 47332 42527 48628 10 8 474320795 10
0 5
7 2
68806 56257 50195 213896086 1 62119 9
0 4
1 4
4 8
47358 70747 236937437 1
0 0
0 0
3 3
1 3
0 3
0 2
0 1
1 3
6 9
71673 36129 93155 932515625 7 790452784
4 5
1 5
3 4
0 2
3 4
0 4
1 5
0 1
1 1
10 10
84433 12170 4 3 4 4 4 10 6 692936956
3 3
5 9
1 4
1 3
4 6
1 6
5 6
5 6
0 3
0 3
9 10
3 4 4 8 17997 20036 760873329 792556566 3
1 5
0 4
0 6
0 5
3 5
1 3
2 6
6 7
0 2
1 8
1 1
98717
0 0
5 7
3 1 21804 551777094 2
3 3
2 4
2 4
0 1
0 2
1 1
1 1
1 3
4
0 0
0 0
0 0
8 2
11166 726495107 46009 3 84299 26089 5 74014
4 7
1 7
9 9
80064 2 81932 37551 38719 95783 84849754 63017 1
0 6
5 7
3 8
4 7
5 6
5 6
1 1
6 8
1 3
6 3
25422 10 375110344 10 9 634609150
1 2
1 2
2 5
10 4
7 58974 10 56339 532996388 8 5 554439612 886729516 8
2 2
2 9
5 8
4 9
10 10
169434066 265572427 1 646820584 31558 4 999854136 1 70138 360765936
1 7
1 8
1 1
6 7
0 7
3 6
0 5
1 3
4 8
8 9
8 5
44271 9 20223 3 4 16304 14757 47002
2 4
5 6
0 7
0 5
4 7
