10
100 100
38 2 48
75 99 9
93 27 200
33 32 3
85 95 155
4 69 68
74 90 8
2 70 4
91 64 2
33 16 447
27 17 5
80 82 2
66 20 2
14 48 2
22 89 4
0 46 5
13 38 349
36 48 431
58 54 690
29 61 345
98 44 1
15 52 929
52 88 739
73 59 229
37 33 1
48 94 10
99 11 162
72 9 256
27 79 8
62 89 6
7 99 368
0 68 2
25 55 7
28 94 8
61 63 430
97 32 419
89 60 9
34 39 922
77 51 142
33 6 845
62 87 8
25 3 816
80 60 2
98 62 9
4 67 173
60 84 3
59 47 42
65 81 461
46 74 6
87 2 2
50 65 178
21 15 118
37 95 475
40 2 911
88 26 879
45 28 8
99 45 10
92 46 7
10 86 670
82 19 427
50 30 562
75 71 4
8 50 395
80 43 521
5 10 165
68 57 308
58 46 973
56 96 214
60 27 10
18 28 2
0 37 1
23 53 95
5 51 630
80 76 10
45 55 4
84 41 14
72 37 2
46 66 1
1 87 360
0 24 2
39 87 2
64 74 2
56 99 5
82 35 26
83 27 2
45 89 8
47 12 802
0 1 400
70 8 521
28 0 9
53 55 636
49 99 311
27 52 9
2 42 77
63 41 590
31 56 506
37 47 3
78 0 8
99 10 10
69 66 1
100 100
78 34 162
51 17 830
36 96 29
80 50 9
49 36 356
39 26 8
92 14 309
41 81 522
54 69 10
0 73 6
7 52 5
20 58 608
43 42 1
55 42 4
23 77 10
38 53 9
70 51 526
93 0 6
95 89 6
44 7 28
36 89 1
54 76 6
24 34 239
0 77 4
93 81 2
67 23 367
85 33 592
19 82 449
75 57 682
25 83 312
9 26 3
42 97 911
53 28 525
29 15 6
86 52 169
55 91 9
14 2 7
72 9 4
81 8 6
0 89 2
90 93 4
13 49 15
25 27 209
7 85 9
38 21 8
22 43 9
37 60 509
74 75 947
61 30 2
36 87 2
42 63 8
81 65 724
72 36 1
39 11 589
70 30 610
32 46 52
68 59 275
82 34 797
0 80 5
0 35 9
38 45 622
61 76 10
16 77 1
32 63 171
7 35 2
70 62 759
73 99 793
16 5 951
71 88 884
79 38 653
2 85 4
76 85 3
18 64 199
53 76 1
76 48 4
56 50 420
7 12 5
47 60 994
27 20 269
1 0 82
4 70 665
93 15 6
72 84 2
6 22 63
37 98 754
68 27 611
95 1 73
10 21 122
58 21 9
55 7 1
52 31 61
66 37 6
34 66 234
66 80 3
40 90 9
94 40 697
61 75 3
89 88 3
11 3 67
76 64 9
100 100
11 5 10
66 5 756
24 56 6
94 29 8
89 30 5
21 71 263
0 92 2
64 79 543
19 41 4
70 49 313
16 19 66
50 0 80
39 63 548
84 97 222
32 60 57
74 82 57
80 0 6
77 13 6
58 87 511
30 13 10
46 32 2
23 70 1
29 31 545
94 30 5
28 34 168
69 56 6
96 86 603
36 87 532
95 18 343
29 19 9
68 83 520
22 92 6
30 99 6
40 3 659
73 42 938
29 38 7
23 11 2
57 46 10
44 27 546
81 49 400
9 23 1
41 73 629
75 58 10
55 58 4
97 5 9
95 79 10
86 70 2
47 0 8
19 51 1
11 95 6
26 91 807
82 46 7
1 0 382
78 99 730
90 13 10
7 17 1
61 21 463
85 82 459
53 28 5
4 25 561
11 44 2
45 29 81
33 0 789
21 15 699
25 80 4
1 70 371
59 49 835
70 65 975
67 70 193
28 15 5
45 2 843
63 44 1
70 30 9
30 58 4
14 30 1
79 8 517
35 58 596
28 5 6
95 3 6
39 10 704
98 23 261
43 47 123
17 46 4
37 56 47
99 54 91
48 55 41
12 75 10
17 72 510
94 52 9
6 51 257
38 62 671
93 30 871
30 46 7
83 22 751
89 26 840
5 20 3
88 89 4
0 23 9
29 76 9
24 92 4
100 100
56 82 7
16 95 742
61 3 787
35 39 760
85 54 635
6 48 1
13 81 284
58 60 92
93 45 10
55 92 227
64 17 207
26 74 438
69 93 126
46 40 3
40 70 10
2 49 669
6 32 9
32 81 2
67 50 830
82 52 505
15 97 5
32 46 4
89 81 45
4 1 564
9 18 513
78 47 421
61 56 1
24 7 230
0 29 150
5 19 149
51 83 5
4 25 8
14 68 920
32 38 4
72 9 1
4 36 879
27 99 612
73 56 6
99 25 752
4 91 2
84 28 738
71 20 904
98 78 992
31 90 370
2 33 503
21 4 4
53 12 653
0 88 689
82 77 6
6 41 326
42 74 88
92 65 415
74 23 8
82 91 4
8 62 47
54 39 10
39 0 8
75 91 7
34 79 974
45 84 5
68 67 3
80 39 72
21 31 10
12 79 9
10 12 857
3 57 269
87 32 7
59 87 397
15 63 3
43 69 754
1 0 574
75 0 1
30 39 10
0 93 9
80 76 50
61 15 1
82 17 7
20 81 10
74 32 4
94 68 1
93 83 7
39 12 9
66 8 152
67 38 10
9 78 9
82 96 9
7 6 367
93 9 6
65 39 3
8 81 181
83 5 3
37 48 2
18 11 943
2 20 696
6 86 489
45 16 9
68 58 204
75 32 8
17 44 2
22 65 262
100 100
82 24 905
51 94 10
81 67 10
18 48 848
0 8 7
48 61 9
90 74 1
73 42 837
35 45 8
53 43 10
51 23 723
36 78 551
79 99 42
78 26 9
20 17 4
92 14 10
33 93 3
80 20 9
50 39 936
29 45 8
50 51 331
91 24 368
13 87 937
48 8 8
15 55 652
44 9 576
84 12 10
68 98 154
7 52 251
40 92 179
98 51 980
95 0 393
35 11 33
44 48 5
77 92 9
1 62 170
84 94 10
47 7 742
60 66 884
62 55 9
43 79 664
70 61 886
74 27 10
96 0 4
97 29 8
76 90 94
89 97 956
48 63 805
14 6 6
48 58 835
0 1 201
29 19 8
51 28 783
27 57 916
24 7 3
6 46 461
42 14 9
51 87 5
0 51 8
31 35 59
14 34 5
8 93 9
2 30 294
3 60 749
38 25 354
75 74 7
14 10 9
21 29 631
49 14 3
25 66 138
88 75 227
14 5 537
55 87 8
70 69 20
24 0 8
41 29 8
74 65 105
72 7 8
26 22 770
40 71 461
32 83 8
16 10 140
32 93 3
64 48 4
66 4 725
78 29 1
90 56 524
80 0 6
62 60 110
41 67 6
30 80 7
86 14 5
54 82 355
92 8 6
37 30 140
90 78 9
85 36 707
80 97 9
59 9 182
93 53 2
100 100
41 23 9
23 87 536
66 6 7
80 50 824
29 45 8
45 96 593
99 55 7
24 13 811
2 60 924
65 23 1
55 9 5
39 85 734
70 90 3
18 82 296
4 32 703
19 88 190
97 84 2
56 72 2
42 83 192
16 95 767
68 90 4
51 0 1
79 20 242
71 65 8
22 46 252
34 97 6
84 21 371
3 30 7
5 60 401
65 6 9
62 63 292
29 67 556
48 97 3
54 53 836
81 36 52
83 92 309
82 20 431
90 31 313
49 45 6
93 24 19
99 75 514
37 38 462
6 56 5
7 73 734
68 58 8
10 94 286
32 83 9
99 65 3
11 90 566
86 1 13
71 35 700
54 64 470
89 65 8
85 46 10
27 3 8
90 41 1
80 97 9
62 93 7
62 98 7
77 46 2
61 32 6
43 18 760
14 88 8
37 28 1
59 16 754
60 15 183
93 33 874
53 76 201
55 27 5
80 8 678
45 90 6
40 16 402
14 78 2
93 44 972
14 57 4
97 41 7
82 91 752
88 65 5
40 69 773
23 26 606
61 36 925
17 62 2
26 51 596
41 12 859
25 85 992
74 45 561
62 7 6
45 32 9
65 51 8
86 34 2
47 77 168
37 15 9
51 77 7
10 49 1
6 82 3
41 62 9
16 58 664
88 54 47
28 41 2
90 52 717
100 100
80 53 524
62 61 8
20 16 345
46 18 10
25 68 2
91 95 8
28 70 7
18 51 877
0 76 8
80 77 412
75 27 340
13 22 4
24 7 265
60 18 930
6 0 598
18 86 7
67 20 10
24 19 718
59 33 5
64 71 923
98 64 7
59 98 9
58 22 3
83 20 2
0 22 7
96 39 244
34 90 727
24 72 9
52 21 157
50 79 3
46 45 304
96 23 7
46 0 7
95 46 3
4 36 7
37 47 276
23 11 550
54 28 3
72 31 7
55 35 152
12 99 114
56 79 1
0 74 6
46 30 7
49 5 407
26 99 841
44 52 422
21 62 880
74 8 10
56 22 5
21 57 82
69 33 60
61 25 3
29 38 825
95 84 353
32 4 6
72 48 744
37 62 713
99 41 137
28 1 283
78 51 609
46 35 8
24 9 5
14 0 603
54 82 1
15 42 2
87 65 917
23 95 7
8 49 776
82 2 224
23 83 10
46 10 7
85 28 5
43 23 5
89 40 297
46 59 10
52 63 800
35 4 7
65 73 787
40 58 1
95 24 1
28 92 926
26 40 5
27 46 4
97 62 165
64 29 4
8 81 905
54 42 7
61 58 6
28 95 8
75 80 769
3 94 849
9 94 6
88 79 761
0 1 301
48 34 301
9 66 113
25 93 856
8 17 401
65 79 632
100 100
0 64 10
56 97 822
98 64 3
56 38 10
6 33 10
72 55 806
64 10 10
76 92 8
11 48 457
52 29 603
17 84 161
66 99 1
76 47 2
91 39 673
56 1 710
50 80 668
51 20 809
91 49 695
4 65 955
46 55 792
48 69 547
86 96 140
43 25 814
95 7 8
64 30 2
54 50 8
26 68 493
17 19 721
95 10 10
49 76 929
90 51 2
98 53 702
64 47 5
40 32 555
0 51 3
58 72 172
24 47 8
93 27 1
90 72 2
30 6 4
87 90 7
71 40 580
56 64 6
44 31 181
2 93 757
24 54 9
30 65 4
10 3 2
9 87 4
31 76 1
74 85 921
59 45 624
87 40 10
27 10 6
5 33 5
82 23 577
37 10 3
15 64 8
66 27 7
41 35 334
17 5 300
62 25 438
35 79 907
19 77 971
37 28 8
34 68 105
90 94 319
34 18 8
85 42 492
70 88 115
36 47 1
88 16 872
51 63 86
67 61 610
81 66 12
44 14 155
79 37 6
11 6 8
13 30 639
74 87 430
73 92 308
34 89 7
18 59 9
17 75 756
37 57 4
86 85 871
12 56 448
10 29 7
61 0 5
34 56 10
16 27 2
33 21 623
83 53 433
1 0 727
43 56 9
23 36 2
47 22 1
78 64 2
66 8 136
60 6 8
100 100
71 17 9
80 78 714
27 6 868
36 28 588
87 62 847
7 85 10
85 44 285
17 51 5
8 26 8
22 46 2
64 52 742
0 24 1
2 35 6
2 6 8
96 92 668
69 9 962
46 90 407
45 47 928
97 23 10
9 8 63
93 11 7
18 57 6
34 7 4
58 50 9
7 35 3
68 94 596
60 98 113
59 74 478
54 85 740
48 87 457
20 0 6
50 57 10
13 60 140
70 50 7
95 38 55
89 20 826
19 49 640
40 31 21
68 73 9
83 32 615
1 0 336
56 77 194
17 14 4
41 26 685
21 38 3
75 35 322
55 97 381
38 16 415
60 68 10
26 39 307
34 28 1
28 53 594
23 74 998
20 63 7
5 82 357
26 85 4
73 76 4
99 42 395
1 35 305
60 78 841
7 87 10
66 60 322
25 43 677
88 51 854
15 28 4
72 46 2
45 94 472
51 81 439
43 38 3
13 61 25
72 99 2
3 34 541
32 90 44
16 33 511
96 0 6
67 30 568
0 17 6
64 53 808
35 93 8
46 85 9
0 46 8
86 72 3
88 12 962
84 71 184
29 41 498
23 49 2
10 41 66
21 30 1
32 65 245
37 77 6
5 73 10
71 79 5
77 35 1
40 28 10
46 68 2
24 49 8
85 57 2
60 91 4
4 91 3
7 38 1
100 100
91 60 6
29 27 2
13 37 1
72 54 7
78 54 8
29 2 293
56 18 48
60 54 3
70 50 6
6 73 7
12 84 665
81 96 543
25 55 997
20 17 10
0 0 1
11 46 321
67 6 5
78 53 9
16 11 560
29 98 4
29 16 2
70 6 9
68 61 3
85 29 955
61 30 9
1 60 875
95 7 9
6 37 3
47 22 260
12 31 930
93 17 3
70 15 800
29 54 7
38 16 9
14 19 875
77 54 388
87 3 942
85 99 223
40 23 327
14 49 915
7 90 8
16 19 9
98 8 25
0 28 275
63 60 7
17 34 6
69 9 213
95 10 292
26 6 708
58 76 452
52 93 9
79 0 7
30 35 7
59 50 123
3 6 954
48 8 668
37 89 5
51 50 752
20 6 10
97 6 93
59 94 191
9 64 314
82 47 1
60 24 172
55 7 160
54 5 201
92 58 2
80 86 412
83 72 697
23 86 6
49 57 923
50 66 50
56 38 5
62 58 839
92 0 9
65 72 410
31 89 515
54 0 4
68 44 952
96 58 1
0 64 5
90 6 9
6 54 6
64 45 460
43 63 1
6 74 7
10 32 97
50 88 7
6 21 8
60 42 1
43 23 1
33 11 931
0 61 8
47 41 4
76 4 518
39 53 392
36 4 929
75 90 272
82 74 10
13 71 162
