100
315218 945591 541 9955
0 0 10 5
673946 782737 245 9992
142751 4607 163 3957
121230 432486 625 9995
159426 37838 356 9919
656916 0 949 1
258902 44399 100 9944
33746 162573 97 9972
830377 309750 439 9920
0 0 1000 10000
451956 771642 926 4574
568386 579152 34 8693
132051 599182 810 9909
0 0 64 5558
859835 785546 805 4033
307487 234306 369 8796
538587 355965 962 9985
989520 153181 889 4350
0 663951 489 4761
582558 663521 476 9952
734954 11851 790 7404
228894 323667 21 9973
716019 146872 177 9960
591032 700349 165 3342
559736 527581 30 9939
673744 448544 126 9939
419403 460596 724 9922
367841 503671 240 5802
539112 978635 819 5342
377085 486042 2 73
535887 862491 534 5689
843364 656584 152 4497
608582 692951 361 9994
988839 982388 341 4210
961600 389972 86 9971
455803 414538 568 9976
623985 249780 698 9903
591744 0 860 1
36982 707692 662 9984
702614 288004 579 9956
493093 966590 913 2533
741324 97528 663 8459
488066 57335 831 3848
807026 447546 869 3772
910244 0 314 2614
312824 533898 405 8869
0 444372 440 1
938793 239828 113 7868
322092 464785 733 9903
5959 454036 620 9970
448610 246164 789 9942
408461 399411 679 2037
575447 705883 780 9646
164886 917889 512 4503
587136 119596 196 9915
551528 51301 772 9961
0 0 100 199
509428 390749 823 7392
593491 903728 514 8775
865143 557079 357 474
782122 812745 684 9902
571985 902354 188 9939
262150 577479 875 2982
457951 983224 817 1127
954453 971927 506 1921
733956 481932 978 3256
540497 927183 967 9451
0 0 600 1
947454 718684 758 9912
561223 731411 544 9919
791041 780189 767 9918
297764 392527 268 9997
985661 23953 178 8366
133625 104869 910 9912
229817 875502 315 9973
714688 426859 163 945
300146 943288 906 5021
368550 202980 642 6672
791441 541073 787 8318
227070 369738 31 4809
964559 251252 630 2867
377799 306469 79 9959
285722 380006 412 9903
11986 258560 820 9910
594041 168840 658 9983
936562 97013 347 9933
164342 636501 8 9930
226105 400332 729 3125
507830 672540 835 5911
889779 30693 781 9949
927113 893637 369 8422
158549 523683 839 9983
745930 874770 338 9952
354106 378572 75 9299
392192 224116 961 1339
642399 390113 683 9988
10022 323094 303 5527
377556 419876 507 9926
228677 159418 854 1200
