100
675130 156870 395 7708
194486 0 802 1
379193 41562 749 3460
135 0 264 3535
970955 668699 65 9944
574028 497347 329 9941
822379 287001 996 9980
768756 528655 123 4051
195180 953753 940 9984
707845 407520 266 7289
491470 931157 519 4713
503217 219005 943 9969
858245 368159 673 9903
515386 749188 763 5615
310027 617194 956 9936
283400 600750 66 9961
452968 744599 292 5925
97743 132257 659 9928
212308 699185 603 3960
215100 889696 838 7758
20909 574708 246 2611
909363 0 385 1
18665 663682 945 8354
51954 605279 677 8897
584922 674173 146 2451
341015 675744 213 9924
247725 742203 529 9941
156332 168585 376 9920
634927 619351 644 9950
605388 936295 318 9465
785862 665649 301 9937
218910 805352 324 7117
172211 287788 482 407
599717 577890 426 9908
911667 629010 64 9975
110662 55804 798 9990
494724 542907 382 1795
663030 617068 258 9960
526974 73463 477 1806
829257 968314 913 9971
788923 95477 931 9995
757967 227724 817 9967
61967 727838 126 9962
0 0 808 2585
807898 510505 662 7540
464080 622107 139 3679
0 0 684 1
774370 303520 807 9956
355566 713635 259 3059
72687 536434 568 992
933174 847178 298 9968
255342 151616 625 9990
228449 851445 198 558
404507 863821 836 9963
504711 245111 615 7424
37185 736966 531 6121
798973 112557 598 6557
241553 315969 193 9999
12682 257271 461 9902
670761 880533 16 9958
0 0 10 5
510503 747923 655 7044
0 245905 703 4913
307338 994933 855 9908
540725 608241 651 9907
963713 531706 609 9453
772697 728909 632 6882
141935 862719 976 9911
676805 886336 746 7910
0 589471 909 1
136912 894438 204 4303
292078 276230 528 9915
870016 230973 219 6549
111655 961927 290 9918
0 0 1000 10000
859289 872987 857 9940
950875 406622 967 9940
258892 462600 945 9915
94671 580366 162 9946
5097 844232 750 9923
716056 963471 874 8300
0 0 100 199
157241 796653 242 5734
907682 520577 711 9945
775 678690 885 5345
293436 115236 438 3518
593044 994139 513 1997
16320 787421 689 3421
950813 789698 167 8817
555100 158068 584 9930
516149 49494 374 1541
369486 883038 773 6579
495879 864211 945 6156
912945 293214 70 9960
640220 590944 79 9919
37263 684811 595 3373
99569 993655 190 9929
433511 759243 928 1048
3430 955989 768 9990
231774 845161 669 8258
