100
124722 245658 422 2696
714047 562450 260 3467
748600 400127 574 1228
14857 153816 729 9917
409168 279881 969 9936
978044 782650 127 9974
0 0 1000 10000
170297 48257 806 2233
313917 486384 775 7696
992505 939224 706 9927
0 527682 65 4352
614000 716823 228 9964
0 0 466 1
630331 276838 831 9973
391553 142395 390 4709
351757 214133 583 9983
612259 370535 254 9983
0 0 670 4196
659317 0 764 9638
460819 461681 365 1336
709860 778305 366 9997
168329 275380 177 9981
483140 635380 538 2337
189411 87012 505 9917
109637 311988 15 9930
931376 289372 678 1668
812159 933029 169 9903
458769 911356 256 9939
803854 650231 693 9871
462189 963985 445 9914
108470 340168 687 9944
178695 334373 764 9956
265023 235153 339 9928
79801 942919 374 4570
311601 626597 690 9266
540105 277966 368 9912
622517 217391 298 9926
505457 759535 301 4536
0 0 100 199
772528 117772 967 1469
734497 442311 776 5232
463679 396746 589 9931
0 0 10 5
528637 929455 992 9977
931157 511743 387 9961
440904 668984 188 9994
588211 620341 137 9924
701077 763457 944 6657
772934 152136 847 5903
382326 316062 566 9907
491 571554 348 2672
406557 30210 3 9973
767468 624617 573 9907
745312 485224 997 9947
2099 511830 545 9909
898651 888413 79 9983
663521 965276 18 9915
295349 827431 284 9965
201684 378055 634 7107
718320 330650 582 8503
895765 308958 135 4185
941358 653218 619 7389
475366 288456 652 4140
194923 810876 91 5610
127755 0 528 1
202683 259795 60 8291
471884 346489 395 9933
740201 760534 393 9315
843238 631633 351 2528
667883 451477 762 8837
721690 208372 953 9907
891969 111604 620 5229
427445 0 974 1
25564 311093 329 4230
737772 22139 437 9927
0 922951 518 1
315455 535169 745 9985
416557 790075 587 4360
171756 111737 818 9918
649692 442032 621 9947
127705 585916 198 5178
366785 432368 452 3196
347097 164082 167 9710
478371 140774 332 9349
782442 771828 430 9975
157828 190607 888 9973
858699 995215 680 681
602395 230547 948 9978
338541 683807 662 9929
513282 711861 55 9983
386337 794826 454 2199
741234 740318 935 8227
639936 188850 612 6742
257637 739612 896 3591
557851 319246 901 4394
470529 101610 806 2028
157413 523073 570 8065
608192 487295 549 9903
331956 680269 163 9905
296630 844062 330 4377
